193405766
956871728894042112
1105208872850149377
1101582093656702985
860124829047021568
3004681785
3071959828
728483102
1074831921262268416
1096605011017109504
116452843
1071205312357638144
727854111178272768
1052542275446865920
1083332209849835520
299651279
1068995142302998528
1067375458180886528
71835506
1058094737792647169
77993115
325163625
2353548476
1026967932742631424
1031380630767054848
1042584164879556608
1041146997795897345
107461551
1036808161368399872
912910948498845696
967926960
306790329
1020740516336594944
3484784123
1017106190881509376
411610732
1187675803
1016472447753834496
1683541866
1004689537749008385
1002651048773906432
1001756792001646592
1000401004951736320
1000744922205622272
2735305045
39405495
3348251069
996379709444325377
995807022166740992
835737662
3096819810
990213070898135040
987483834013888512
986240700030177281
68826613
981199602870292488
323816619
975127474962132998
482925736
311694360
973630062842056704
29028504
1417877792
2148022328
959892986879410176
850192624594018305
493208484
26608817
1186118862
170869243
1409135712
94219263
339055122
1433086506
22133066
257654565
717555238333497345
431936891
1334998554
897465132271513600
53263949
4203981521
164739227
246565835
2421487252
359991659
86406343
869408303729827840
4913161103
812415788053331969
109420684
2395398296
860130237031616517
857347969229754368
808747985307914240
414937153
775030160001228801
848689129957335040
2355363844
827226968806551553
555505363
49789917
344036392
794918103914344448
706295138092449792
4903156137
749961785181081600
787882820681117696
49227099
763561429559545856
310397782
1455802430
74214905
235817830
48914558
738908943901200384
336920474
995868056
715932035311865856
725110178341855233
3526218507
699720734789206017
718549765085085696
1631040686
1369874408
711325460295192577
61011738
158153248
76652483
707386778018312192
167085307
285178374
401129303
848281855
4839151253
4747296405
299748084
357638335
168643999
270324788
4312231996
208254016
2232263081
33476315
90619222
3845461229
86117422
3632797955
152013544
3294208449
71110761
203724663
3327479530
3361555887
2722451411
3333054321
1468461722
3229726419
3153654046
2867665617
130904217
45690154
282686810
463738558
3082186913
135640986
1325238066
230504780
2228989602
1148688998
3044046094
1195660994
46470646
52375736
71862251
2965489264
764888042
2941961560
175885794
2918600638
2485157433
48396314
153891457
34152148
2807966436
2850253455
124527396
2792269328
71364933
55258038
2599856437
767946236
32919180
2379646047
2665857158
985599829
37822351
1651272642
51241289
2633007417
71372045
39264534
813713845
2519509225
2535950416
876852756
2521238775
57042705
73450357
2419218126
2442463769
2415610079
2400653330
2377946035
855272492
1262153245
47851105
379397831
435831134
2258241330
2315096002
2258491974
2284520042
392404750
409263403
2251971480
44371907
68125306
124513466
103099298
258891842
34170181
1966172227
1962728636
116098611
101309750
1951931964
358504455
422935318
40015119
1616012635
1744930080
598809022
336792656
220147466
236392842
222161219
1668993168
91879331
543156672
79087034
1671425306
1426820048
65880651
1510819794
1319071892
1495980066
1437333751
16960127
109816367
91683098
1342081806
1381943436
1377801672
270022863
236180058
1327729928
1302342505
1260231463
1099668920
51450433
498151829
1272220310
115217653
211485438
244485484
152500032
385941745
1144920470
875605898
1095200288
125574684
247773358
701824976
1023845749
979295304
279655166
136279764
303083310
889550635
55669367
251391407
876706801
870122606
863462479
855703290
801483157
759844891
319284815
235430784
88472283
77880108
633819328
349340725
509589982
577621763
69377741
617439426
51711745
51718039
30427042
122071625
597397029
151992125
35351518
54544904
64723849
74191615
325593705
79870141
75943257
43569222
289459148
38052152
354034612
66494756
197464878
241590416
182803974
100321194
272069676
23019282
441007952
36119529
302231351
322595924
473038590
405677899
460177300
192921461
443113910
357546882
358408833
71814293
22327205
351185717
418753071
159249331
155328135
92053951
415722734
415750566
408898350
183295276
324977687
385942781
382264677
402761375
372810106
401100506
399586017
393334433
323322320
394214864
180840023
17666537
383237437
302658837
383323405
382405518
365753553
381556344
195184754
376857251
52247573
365544514
61067512
51307296
34343289
373933258
370198682
143869463
71165576
51638798
343672257
358843503
357707913
259963743
119199274
163211496
353760057
188993528
349432865
349175051
105998788
67355934
315156811
64220102
346155371
96366621
338652325
187308219
334758489
94559776
272057971
324896744
221021372
304117972
274237664
225072749
320513774
130495485
196878888
54641275
319014717
289055779
149631673
68522317
315377154
313631191
64578146
291820329
40973840
309399264
308588504
297977305
308193636
265464008
74335069
254517241
163254525
234947073
195795389
268396287
77623471
37027595
59458078
131709170
243205082
297445160
26899539
293266279
280343296
259879634
111684267
174494034
278599778
130132288
63511702
240285396
20450814
214916308
289469127
9317502
72095050
278805820
145071300
224213666
253516787
106261862
107155782
280273819
281343100
281114394
72918913
278150157
57944835
270391744
49121705
155613181
40245096
113030956
44492499
118749696
258111998
81646527
227062080
65470190
51535032
74700408
212021930
250876976
194327259
246574830
247480126
38931640
40574092
50431601
55055510
77579748
241639301
50076618
205950551
225090365
79244921
139164060
215454300
7319492
116440652
27442177
28884520
225651344
212773905
224089039
188215700
184954053
177197570
71830726
144511572
199146271
73459049
24684745
214905921
151858097
190724287
204896603
205723389
52828166
98669222
209182854
130371731
29578643
128430352
53081739
154678705
42320311
55248685
62645249
179623216
120947001
193902662
47200492
69993021
186624012
97550521
188937157
142477922
164692545
53246681
186563322
187611277
71961471
52397799
47341466
65030697
181163327
159542303
31160076
128743787
169134088
18233027
166646617
35900653
179233057
171163075
176560561
60200768
178474511
86203775
130644463
62641648
174763510
172612723
172780607
31427661
53536097
51795263
164792047
68029510
76321148
17952888
168552274
164415288
44657968
158744789
165194760
160374959
33276633
162726226
160532780
20804030
156485470
70180270
153932452
48167939
59648906
49252139
51566126
148376114
145765451
40650325
138626434
45471390
68189523
58306470
87762500
25539871
94301325
118536050
65624342
119133275
121643696
51365399
25683908
34109547
140660677
114595430
58537438
140090337
138256503
138249864
43188353
136470348
22381318
31307897
116189772
48013371
73483979
129304564
49010225
126810699
46911699
124754404
125992196
115627189
120234207
121224202
36671674
57427595
119957244
119139953
119762195
109901141
115206644
94305225
45613632
111162357
111070123
74020965
106835192
107060315
40660220
40546959
43513498
53181173
100392144
17606982
53047040
91095329
94839229
49041530
94510174
93960844
67010857
92976191
17021938
60713270
31602386
53844792
92248011
38726087
50029764
48348479
70054309
55252606
86069525
33210991
17922872
30379508
82864851
82633530
66009147
78723858
40047510
46738393
71056978
59781120
40703122
76940875
74444702
76439822
75564937
74150367
75147116
74476230
74444108
60709676
25720684
53260082
39879580
67782734
58988465
36913544
45450882
59623754
65733166
18195850
67783638
50176894
34625600
33425176
68834045
38058436
59575905
45397085
43579109
55616874
55645151
54882106
49031193
