67031553
2371133636
3210229066
856433385232900096
1083705650293682177
1068251643689480192
843283389105000448
909829215515811840
1895262764
436817520
883331202144489472
1081370457272713218
1116753124272824321
1103375838723100673
1116125003823681536
833835960664260608
272663163
326204579
1117875020
424478985
925874836320251907
1109291213704888320
950018062824157184
1103685624073240577
301175874
3438591551
1031881441435627520
145453495
3965159422
1939435500
892742228443099136
2567723411
187691608
1114653118459981825
476909443
1049039141399420930
1029130993494630400
1112769181974491142
83968844
2766299570
4896630053
3225890104
42394831
311418078
811729089702887425
735906777653481474
1055646700214329347
1044436220229685249
1099434073846616064
38344683
1109973425664262144
1103280241408118784
893981473228943361
2429437896
154374277
1019591527436300288
1111265788542021633
2306622151
88991043
2178951812
28008004
2700483880
1091484413257572353
1097005036348022790
151264647
291419756
918695298150514689
200721748
4251883036
393515595
1092472669994405889
3318005601
931938828427948034
785288680772661248
880127494892003331
1106083833617764352
860912803665858563
1044381779208130560
2393364494
799940154471415808
1092124979573997568
449056840
1049300264199573504
806158006194962432
99009853
1075963117954367488
1059483970503696384
1061065636749676544
1095506814697918464
1106956528488271874
828416237415833602
4891945353
120307975
1109069381580005377
1075208743401480192
239069063
1108886064654139392
995337570635730946
795005397711130624
3044698487
1107966912552673281
1008448831502127110
1107724036405161985
116059337
33411030
1078890685707755520
624283053
977253276667252738
1107291981775073280
1105202388753960960
832351227476328449
81890257
3026080498
1053138320430129154
995418291651956736
1052542275446865920
2411463242
1079586205140946947
1400846689
4393820176
72639818
128625713
90093074
1090288602997837825
2976833651
758795817561882624
4574932695
996346227347329024
3386651279
1033753190733414400
886846557584338945
1095641399473700864
942904025611202563
847118174680207361
1083826976270548992
55154325
76707532
788037310659059717
4164230055
1103318269870653440
324468297
1103352531709841408
715282377015181312
1104334328274792448
1063542608109232130
124474578
39849179
1104577973926223872
180171749
1087271189159071744
822199942592729092
469355019
92309087
2170656338
1050524056334815232
960533436
941683966205194240
2732659325
1057807010517970945
1079612686634229760
983424507737247744
2881774863
305401063
1050922422856237057
27870419
1103270251704315904
93608738
356598468
67110898
1102934376235655168
63956195
1056222285093322754
342385400
322993646
716959649518460928
741606306
3040135276
1099325169368223744
1083732645647970304
1101196460761202688
3351504557
1061081543278579712
32534707
158511870
3023216463
1387926468
728483102
718607250475126784
1100762444971102210
1074831921262268416
70830729
3234667139
3396313060
1060239009849507840
1098789589723029506
1099726182638071811
1099744379630174210
2440776830
917741820
103384976
889870435545952257
1096227995411464192
759872863096668160
939714085716938752
1098792388137504768
1239236438
319134704
2806626171
1098414233237291008
1089729718587408385
723690042502336512
257710740
1098210491934101504
22157406
1563686425
1096982727889424384
754457238966824960
1079503587661754368
889811083820761089
3323013621
2305352467
2984467175
1088858551261499393
1097327065605525505
964515135485292544
1096605011017109504
1054718719912501250
15707689
109200868
859917054991880192
1089831890440343552
1093291603974909952
828723772588961793
1095115158530203648
2869385940
1051191637
3076081216
1006350463120355329
90275100
1012393779062628355
1001872044919844864
955294349029527557
125338551
1056599667692240896
1064271840158326784
4449863541
334742038
1080185390705885185
1093626277326659585
1055577658065600512
1093521119557156865
2881591113
1092822924338307080
1080070925452750849
928296164683862016
202798596
851499197828399104
2815684826
1092759174776274944
283290662
131531587
477833290
1056891709173448707
434938359
1023290751726301187
2573119738
61360621
206920014
746104908
1052709498253643777
919178498174083072
894207139807449089
1087844993111388160
844307328375640064
1035284889606742016
987448509032030208
1090413062904008704
1090406068319072256
1087667123273519104
1086088146314498050
150497035
2612133997
2875119017
1084132387360030722
4604360061
877328315194851328
897771158606680067
105800963
1088925745357967360
1089226034304729090
866446807341182976
162422433
967521886367338497
96466438
2827371716
1087939447520399361
495085592
294181520
1070310635295117314
2535767288
1086917302224896001
1039862515184939008
1081708012228755456
1079236841151315968
75355265
1035508973498187781
1084609591281889280
1086445294873706497
1047983493559533568
82142404
2656596156
1085108128147038208
24840572
1085409052929282050
1085067251106177024
79320753
1082719530063982592
1070127436812181504
66675574
192511824
1027975256760299521
1352369204
1074831519162736640
1084240917748420609
1083889639650406402
1083711723113246720
1949989244
817626672652570627
388431733
1083332209849835520
88583753
443970294
1081424532118880258
1082419989154615296
4804274362
1082345055132749829
68036678
1080609400505712645
2887962161
1082310468839137281
329058330
1006259521763897344
776955522
819846553821179904
71344226
999780648809390086
1074442842053980160
25093054
29028504
1076062827029385216
1080579957036851202
1080517439870435328
798514298846932992
1065552992718503938
958862199082151936
1078427889677275136
1077921250230579201
319746120
1640403109
21426006
1032792624296591361
1077567889660669957
1077328639925067776
403786375
721526082713886720
730241749566820352
888187996549382144
161827575
1076520676125745152
4056951551
1477993465
1060989145324183555
782672598324740096
193405766
1029874705149435905
1075446246188429313
1074744282173587456
1072293122141536256
1074708703729893376
217186074
4427212336
1073813304676618240
892360740434214912
902295881743048704
1073508142019997702
1027219488935235585
3294022744
1574564234
96893580
191217237
1072505074117734400
936769663043817472
87683657
700893794640773120
892094579662630912
160920189
1049866498808918016
1061675949668909056
824408436418945024
346144608
1068995142302998528
92172941
3805543696
766863518469615616
2543995739
712021612145475584
1069248112609374209
711738016642015236
50385328
1061789212951937024
2891276209
862824014619783168
124985645
965567002214633472
4114023555
610983002
1042424043591352320
38574902
3052258635
63186148
48374914
992019388218920961
761021751992029185
974296212290658304
1495520138
1048797362284638208
1053124966005309446
976828408297639938
915780464501297152
995461174664757248
146684323
1058510137760120833
80613197
62925486
4153068135
1051953888578940929
114274957
2793449212
1062834080566390784
109430931
1064298970267230208
555964120
1255313372
766646556946796544
1063617660997505024
3334519623
56269590
1016647217896148992
1041490353281544192
196443650
1054810736755724288
1062077766328373254
1060509220402020352
309837349
46551916
740611371113545728
1061057438835765249
921386309360521218
1056240094376587264
333725700
1059198594815803393
1060734606884958208
813069259534438400
1061067610098405376
1043279254329409536
2689713615
150451966
1027749288099688449
1055635952503345157
224699347
193869467
68695741
1030966344030793728
15283780
1043565452352466947
1537517389
1057077494262702081
4842549988
1046189153275301888
18812168
227505957
1000453198061232128
51616639
731247759374880769
95111339
2389840304
866078001993330688
1058021525805244416
235128255
1058094737792647169
231926000
978719442560528384
123880488
1030784197735133185
57136395
30676264
1421767892
1057431505016893441
2444515723
953221265501941760
1056696438665678848
889886790827606018
1011238467697827840
1036396672027381760
1056898943643193344
1033842067968016389
68812041
1053260289775464448
1045881258033778689
946132693556842497
42109069
311694360
325163625
3785219843
970800781044731904
377887237
199867021
1047483516286644224
53217496
68002770
1467532615
24948220
1044682856612737024
1054942954295623681
3101840375
262643178
1053462194703212547
1041761596245196800
1010694788767723526
773243895182483458
4061542277
715925552046202881
2569533389
1052209648852508674
1052214789328564224
926872458199732224
211667571
3264567291
330596405
328753218
1000855398356865024
1045696812621942784
1048326154879418369
350378193
1044654308082569216
1859254087
928304213213483010
28558755
1001215563807580160
482617061
78497881
753668642978619392
1041842884587212801
792822767905337344
934093867514724354
1046913462759251970
324055010
15516718
790659837856284673
1041362349897248768
67081213
1046022144524775425
539310974
244727942
1022690722229694464
194181372
952016050262085632
1035273605872009216
226746956
1039748194878533633
1031380630767054848
1042584164879556608
925859460672868352
3308706651
909527828831641600
260248118
1042096191905968128
830975846001340416
2169264038
853719229413154817
994334353034530816
138290230
1041136934788194304
1032662708565553152
608427387
1040263185398419456
869942438
1040212290203738112
2426455321
716413043098394624
1034472916614873088
1037818132293984257
104468862
2352848819
54699421
2751298721
1035511637858570240
840916807934459905
26328434
2857877003
3077815570
285713532
14493468
1019534425
861995148829483008
2618363338
53560219
997084283318792192
807803838749167616
770369674412457984
629575115
897259803357192192
4874195231
43001196
1034630619060482049
861661251658809344
229549562
2357760285
1036420757583265792
874349682675331073
1030550392009093120
226789925
882138874780282880
1035538394129096705
1034600646425694208
494589145
794695081085308928
69666161
1034158011114303488
1002699058048372737
857378187952762881
1033883331203657728
999059341922750464
2781254380
203249345
1014909022393307137
3030638805
800479171038220288
159204212
905978626801315841
258589914
973010088804876288
1242478854
1014330414494896128
1025565105516433409
61487524
1030231681062588418
1017260101340749824
2980091542
18144854
166400357
2873303163
912910948498845696
807206197094912000
1014856119444037632
1027714813588393985
1027707082072629250
1022664028533997568
4902443476
827692186053525505
875867161285337088
30588112
2936005365
4092502761
1009435107172679681
765283034245525505
186847405
1009997462138998784
614337438
216088700
358271979
1023606895402201091
404302994
926482337575112704
167602123
92123780
1020740516336594944
1019180348746469376
290066609
981508130721976326
1206527780
3145381210
172928381
229054894
3364117522
2951721970
228522098
3961358266
3732745701
302362798
2297750453
892510970916032512
1019327897457307649
875329734808412161
2995170485
838190841529319427
958109754081140737
927422634
959801516780675072
67489981
241216799
1007450867489001472
15206498
1017106190881509376
715289241224364037
967500903443025920
458462653
26339677
432991098
1014545642889383936
1140803856
282782710
231981020
2951933524
870330168199585793
2946031539
610928548
75411897
89193414
24799473
1006136411798589440
788202986
963153014839062528
913911404452892672
69394127
1013225400007315457
3096819810
776430090523512832
586975772
235921208
48131479
987403911060426753
3302194443
1010215070457126912
229134253
892742152148701184
1009584784354443266
141688495
78700593
1006248394115960832
153978437
193307537
747227102022352897
818498499776040960
965223919631429632
3335598124
76208617
1006546092517920768
140039287
1005846861809405954
975397812753043456
1005477223363735552
274118417
2805782274
4364648361
776597535930609665
925056302904238081
1004771454481784833
1002576191444930560
2193225491
3107911353
35723879
2389860745
1000136854711173121
200260587
926941534897037312
63362355
788896192310677505
396623337
1002651048773906432
198648922
731201995168722944
1001756792001646592
229685110
978911785
216505281
3372977507
186944746
906281683896422405
957517403021283328
977215765219770369
929503619082309632
2376318769
247380896
301487712
93772100
107302376
3931279883
309384405
199309734
922566807252361217
55291642
155031328
3895759817
2398126611
1002217660338331648
4102716551
29080828
788204289336418305
1551494610
74886060
996199144917266435
992547698606735360
4158698127
113485911
897663223419342848
795607660976603136
68002427
2851585577
56551795
182668143
138817801
17616877
3239665311
1621130324
957086365052751872
949867798620237824
56383407
4570313525
2490258398
4562570667
249381295
839701476276649985
2803616830
1242509665
940355499245080576
3394671735
830076939167731712
829674527663783936
996544469351780352
989271505694490625
941247896124579841
139215097
886615318164123649
324610698
196393719
120918562
995807022166740992
940000922842947584
460474374
40277569
165503860
238935010
2312577810
311659811
988761670012022784
556121115
67190335
2385220094
313552177
140689915
173240521
974332389261500416
272020578
2912119684
172103002
3037835739
98128266
59180839
29898770
69133669
737447374977667072
315825125
217834167
968611139738329093
972020192
54717994
724796777652731908
2722453608
824963163816939520
2217327304
295136295
937040852580519936
72397266
991308901940432898
802475682328616960
722596957622022145
763783381440204800
83670058
966065389947015168
3296643360
246002276
990334047695130626
2567390132
715169317541818368
53071645
987043906968834049
4570149041
182992981
3435703223
865586518248837120
615569477
122519350
326861427
783129240581595136
1058419597
766325362808741888
899328110847553536
890063759833800705
41933427
225578337
987173476917268480
913033451493904385
943201816132685824
117846323
964356772570918913
52691968
987483834013888512
978418355169386497
870803311
179592384
101850098
981590369321267200
234445512
2945935540
731302095324876806
425885654
67500494
624002789
710799042272489472
62365606
205974526
134131429
984388289556811777
475400209
3004167141
253986103
38227730
822754747203645440
328795192
2252995373
366358763
303896022
103102117
849373662541213696
227743406
1231927884
262984404
982377224551718912
129847976
161833556
982000985970266112
4616858062
968114263708590080
4355306961
975275865910235137
865028765658865664
1482807097
115931520
896786591661924352
868407176989216768
2355606862
16547761
829785470347390976
978759138665779201
979537294548979713
135620278
975127474962132998
797148548462682116
49701876
482925736
978378571612909568
105227355
197411425
726965750909571072
2303412427
17467699
3004448847
215484230
44370406
40683882
211267874
973702742505123840
63845962
1485437048
211352807
895400071843414016
921053786499624961
61057645
38542531
3986974163
2693736750
860294668755640320
1417877792
192640195
952697473507655682
839640092838854656
340516888
3312132447
971156619794026503
110780338
969935826326081536
23678313
890898404880076801
100808041
2756361713
1125618199
950787433569882112
844581570128306177
328742026
3390243501
707655975780614144
137764549
966607276172873729
964624574322298880
928243111725293568
2946925024
950219662498893826
233275324
1142460805
1628833849
2867841095
2977536509
959892986879410176
850192624594018305
229027832
2749026682
493208484
517017400
46259872
137007258
46941910
80637162
2296351479
962649462526050304
920756238467719168
158066330
608300667
3312601457
149672540
822177244093222915
74219508
838032719120633856
877900585915305989
754365827441393664
906541765922103296
152412188
107461551
91319782
244704914
3374032234
940623396697763845
958064469267107840
487520898
824000320527339520
1224705403
630678404
39241089
931638465116205056
957239856803057664
190778093
909083020170350592
900777214475677698
2915528210
923551039986569218
952876983519768577
709845234860105729
8694262
2931673150
953259216323702789
822249270862458881
830406259962699777
714624411794583554
19861863
3381108124
882197191
114799162
951545676449579008
2571508974
949471072277204993
34370423
326344037
948274071954968576
947702054574837760
1367109667
374040130
841098749367705600
3973603163
939087594264162304
2698785600
810067181031538688
327501559
88978754
942492060506054658
3038982568
905620710642593792
921181780820054016
785250100696190976
2593793377
940619817576468481
751117200992395264
3725246956
729307651469881344
350885874
937674623868653569
938955247036321792
938369087826288640
938468555452047360
937032156097982466
164678250
1652911405
937431609892048898
3025685907
34135959
89264898
92127982
742376828111884291
186618956
17978395
2599104467
738705705465679872
910848849006268422
933068754778509312
201496871
52448575
566715488
932710961231945728
113985674
30647121
931659223620079617
3288775277
372788641
929748150276980736
750255879803506688
4439427929
927584120393404421
50434085
127347817
170869243
3395987501
3311016425
31099093
14628760
1533649615
2148022328
2795090549
719687574428782592
86128691
16157151
339055122
915714655364030465
445732002
924406923616837633
68189523
863858177670090753
917425305240948736
922087162526519297
12570802
3432822844
768272647520030720
445019670
2395218920
374814679
222618168
165856762
87985800
762631869657669632
98026264
120234667
343127306
775485779934052353
915317571532070913
15351948
313749806
910976322100441088
808023691867160577
213424175
76508153
2737645550
912301817018683392
220981726
1564068278
824333048904818688
709730002758189057
80147645
4814214143
4355247857
825078284396482560
899397666408460288
431936891
892477434200805377
900798710946430976
903393737753190400
162419607
617218529
902691831166717952
114806196
777507519484887040
901153929853054982
55556470
2291358272
1334998554
279606074
899408742982266880
30789946
899259042434088961
898906075684114432
54947518
3354400571
867837036
2263230955
2364757591
888116182141644803
3053321668
897465132271513600
56748753
827666611
894758834220089346
164739227
771334073797242881
1558539936
894013242305110016
892560981431373824
885987326706536448
2237777442
892170706162769921
891393203760398337
1068676351
74052295
353705144
2609566839
1015585640
2843132399
705249485
2314779053
57724528
867890582819090434
107547905
1670953188
885191953062801419
867437939202158595
203759158
214863063
146193266
882645821677854720
15179533
359991659
126366192
787413119270281216
881258706436075522
72238021
14841240
3528987015
879694778199363584
116863156
2966973975
822245129759105024
575368223
3296567109
876748469586853888
871722074527735809
178739188
874370594254577664
4507833453
872232101638283264
869408303729827840
870391954340753408
64411288
867825917720010752
866040565489692672
2395398296
860130237031616517
73926633
847615276195528704
862620623855603713
181696005
864650481909587968
21508880
2940311621
858716171453046785
39815044
176244781
849282124679184384
726150437137715201
80378191
847147320252751872
757072634920173568
241633219
858666189454815232
62670058
140151105
42880070
775030160001228801
756500093356875776
1577434608
40397530
856204073288314881
815624802069266432
533690006
15753859
854455160231297026
402872587
826197800438394881
826203095755550720
3063839266
235379870
214066218
3644105057
2988665673
846875361866645504
842849108020744192
198731420
1305668400
156060846
84680371
318351338
3820086736
788265084
3980550437
2909111759
838694264410370048
840524321860812800
2259189187
53740565
864714534
3171702142
271997049
828630022227374080
786727612848672768
2573990961
2614441536
274967641
343353337
834224187166355458
820761337076862976
1016281724
2271862011
487888542
827226968806551553
86861067
213320251
816312021792735233
71676098
334146340
707674603
827497474357096449
824070341844729856
2480298426
2833457278
2267576804
825795622297022465
73885264
273662337
127919645
280730200
120923558
824997361248268288
290263798
171686919
224711196
142356396
25695477
3227299977
29066728
282672482
209907368
58628701
137106779
521973201
810243150954557440
158094270
52542619
71920631
3379549101
40497705
322798156
1896696067
428370928
57822642
2970201159
817180136294547456
820393457197912064
820254223497646080
770327582155898880
325814837
371871844
2954055838
1411107290
701745433991901184
148747167
1392552115
482299154
815691308358631426
258008561
37203461
808869129834864641
710287171958280192
46983352
816325904897085440
764257585021280256
811255591435988992
3241807221
704320804
809837600475348992
401129303
4566753321
809513943077154817
313350748
800793420876812288
4790051777
808726691426267136
711360106466844673
64698453
39371051
802984192543952904
707346392331784193
26130226
803737629468610560
803251385781407744
803525134942400512
201051743
114182501
1478439912
264144326
285602675
71835506
76194443
2328801324
799733393743233024
796460928237715459
1327916658
514760323
797918565563269120
794602321808424960
938418973
344036392
835737662
345731061
1328258678
792007426564354048
57374479
793216941435588608
3030085802
795350838810132480
707290854302601216
797444738
128381663
792145532697403393
243446136
258428556
224071747
781239782554861569
4903156137
3079804301
47494907
790963492530622468
171165736
94633391
390324294
789088234856996864
369740558
33045484
300942325
198688129
3181695909
2735305045
744616488
242134672
99582267
16649820
17063297
782948065250508800
1035754460
71310037
787882820681117696
784503083036504064
1947790860
193989616
308703458
154994830
68498011
785878867059707904
783467830243160064
3431555333
298815940
758823614187577344
964384129
254311760
717100675491037186
97104376
4331591903
781646727694745600
781951973297942528
2421312531
781644598435340289
566665552
3882806008
772918075297587201
1964634570
336532011
2647942921
53496720
297136761
1114333201
452743591
2604786720
122972309
775458757102936064
219127944
3063421437
28790048
311473391
49038676
746044236336869376
777585660647575552
627452789
1730137777
49446820
36494432
257938294
74531561
53075685
326304170
135702230
960361950
3065951289
769539623957721088
3119499765
406488099
774359760388915200
2348455589
4798000678
3370030643
316866790
255626305
70453321
760825585430106112
740321674558615552
423500596
203930956
164908884
4187005181
724249206446280704
41416598
322353725
2970551651
767113563097956352
42960026
769302418718875648
763561429559545856
1732943810
769671911555133440
67198560
2245306721
768850172268994564
346956085
768798518433710080
372970975
634576149
309862662
859804658
627505231
357470698
768191997563793409
143183923
54554698
84664105
748564422159908865
205822668
3047212965
83436802
2345280207
375860635
306040085
752997911143874564
330576145
747471276181233665
3496238902
70692964
169207708
2989943397
34277053
250309103
762670333715439620
213384129
707281994
314659572
271908884
747442747074842624
74997529
54389719
28263092
753340595456843776
64224358
1455802430
2395281132
73110417
758822402008633345
3627495856
16202132
3362855519
756136932569128960
292062813
138581738
2901158217
53868375
187517435
747491433658060800
752921701894193156
352824232
409301423
2478454434
305090797
708574770447650816
2871630052
276151939
95945756
621167749
4504743075
27692351
753201977123889152
751486387602518016
713791002381787136
477274398
1422197250
266567030
561996270
750072496809017344
2711914707
705728555481755648
98935139
2355363844
56931945
709776576
39170188
735064199500599296
722419072626003969
724674617139421185
738908943901200384
260361481
133736990
725161246270566400
3699287602
229827608
587626193
69878076
3066068405
43388252
742493003823128576
56551705
2383361561
51857382
2917535658
3084372899
727865650308321280
1683541866
173802697
1197956424
220079746
52232880
234966034
78663392
41300496
736578648837390336
22236355
54683682
1128190454
52793931
734906837112233984
62118981
112052067
416748237
2413916765
3076178721
2391324631
23510270
2749692322
2199035633
378316593
39397660
108342065
600646608
3290581588
1535035266
124152725
2999915496
183706945
722412290683899904
725480048338296836
45956724
58462007
803905028
3045010265
2521178107
720745422172590080
385206772
89348606
3167111213
4909559164
35492390
66010720
699720734789206017
1631040686
254118723
2984487515
348008108
933403879
53176400
133550596
237386949
3519341116
142282943
2838738503
711350597908357120
424711950
241340884
184625190
711325460295192577
2957643473
711161093926862848
1406499655
1385556512
2179996572
708405681473376257
1227907562
3019348607
89434735
54870536
4451574569
185819484
158153248
4845257793
186211259
2920314905
76202766
191575731
477777353
548616399
76652483
310494081
166797554
3254205766
125977081
707386778018312192
70380521
3593133257
121185704
15009552
704830965542092800
21731778
197062009
41120669
83342755
245739119
4344099927
703004395936555009
4899932920
285178374
246265714
3449252309
150835368
848281855
2958529211
34067502
201004086
39048236
4921797365
206381627
2408916386
266570804
351177797
76510916
532485595
426050394
127022494
355052274
3622147335
351185717
3119516308
901066399
2663687148
34138932
289107369
104215888
2357393878
4856944865
309059801
4853348782
21039198
56411323
37643291
376358128
58499996
345879946
109084985
4748875517
2386870851
592118453
298088756
3851874675
4528045880
97526102
2787588093
4633964361
4820103190
3561229821
543960716
189123286
91441378
2548073310
258026603
248360850
3171482319
38039527
2992106991
414937153
4710114569
3375009495
126657394
283091822
19005496
4646959517
3422211976
116034120
493578637
4560089495
178490342
283671272
974256643
4259097436
249143892
4430591602
147177801
58855024
223434080
281622747
168841243
4099244775
369820635
50091656
559738004
4305934894
169083129
293302969
2321839481
2180153306
4244181003
4236944081
25670762
2714664154
193381515
2836174799
4203687370
4201786233
2232263081
319983497
3434919255
4178459722
70469576
33476315
129556222
3414909521
2563806374
190664234
102144370
4061060439
54988471
4149552019
60615974
627469515
161946168
282019386
613549227
4079672475
761855102
4064874688
221172252
275805995
109830239
4062305602
2844778879
4054808393
4038604343
1283268906
2456033460
3976067913
2317767439
3904796119
25284121
92139083
78911071
3503976676
576040144
3910661800
480896646
136374849
87940819
2810285515
66534289
254308290
85226889
1091695556
3829459522
3824839635
3001037714
282818944
185837099
144622042
3293610412
439437458
3343267625
56170630
327626747
73176372
122242719
3686685795
2987796130
902783605
179996566
3156804397
70167548
3303199414
3037052939
157853186
110553040
3593452635
2543573486
2885626841
88674944
410791444
3555408076
3431679137
2400469785
3432865060
3307095377
733211443
128050886
3469466009
3084749765
3448743688
35052446
3439240780
587499218
3411355347
159265829
542822615
42398097
2938220811
90887403
536771859
298143217
65117441
388933645
3340409266
2476142196
170585609
278066493
375322592
2806251105
98385960
898694732
237402801
112465445
184766801
3411567285
273627660
2864424388
372796223
157122507
942390469
180990156
385137683
40524386
3227516278
3415955825
2376528568
864947504
2816165371
140449671
2983334363
484408254
755152796
1013214384
3222605429
3404479731
175503085
2553463776
2990294266
2679855734
1626206996
3294208449
805718012
95750490
253263306
150839489
3348357615
578582004
592823164
3381716836
54019226
3128921626
60167261
427610086
3378028126
3376721723
3280609704
54108646
180083959
362649792
222421490
71411934
452461929
3361555887
3352556188
269310224
246252840
231605383
134520473
3350619951
319069868
3348217535
34935903
82357657
59210445
61079085
3335013635
52266804
45149646
60087156
141419955
3306436631
166001585
2153727650
3316342961
75376828
89025912
3315599164
133004779
96465103
318305824
73680278
3150492679
247998455
38692361
106397918
287717873
2171136668
22171806
3292247626
1234279560
291835069
3127911629
82177812
68204270
2921504422
337138506
2894869798
19498492
3257021625
75876075
121533151
217173808
169886191
412710524
2243499859
3243713163
49506012
2304180127
3240237065
2813802516
2801299029
1891612237
2546458866
1869930560
71900051
53805538
288245160
172476031
237376201
35852811
51345366
3134325659
3202995213
3095864489
3179226467
2848519221
3095420794
356521209
225073781
1210223534
3166057186
274229749
130226412
2844524711
32620176
3087531036
185326243
52803162
192597647
2216971676
3081198741
233260410
843374983
1603446427
149872789
188330217
478597657
85868008
2217853298
3092333351
360774638
370158478
340679899
3034204432
291477161
78314937
74990554
105168644
17790327
81652886
892062020
30883708
2651188441
216185684
3097380549
44371907
36769945
603249369
34839043
126107743
1466025044
3100110047
3042001448
2279573076
59236179
370346843
2911814325
156966044
42686054
3087337511
3082558235
1215524348
56583428
236960415
71300676
144363767
508996655
161301525
2657487654
223659208
230504780
302671892
62514958
132037567
89695094
249220344
189355984
2435956878
2684800991
350319106
419617081
64506410
69415794
88664652
2153991343
233254420
2934182547
80069783
1195660994
282686810
42815466
2960118058
151498290
224311323
456999887
58939981
234246613
1118913421
252626628
3031688891
156836934
42807226
481417096
47675451
228164480
1573489296
588558113
2214228413
206158285
62611113
3001226830
164085016
61867765
2677770366
2675001350
2711846205
743765299
2791836809
48426963
79583159
1461187837
2402407243
751581487
2845954203
181775947
187275244
2228989602
76990296
242145972
41101798
2613383027
78455758
21110248
2515996154
2594079546
2967181121
2604444365
2953101700
39347898
113185723
34834841
2937293045
40610167
2689800914
715225579
2881184398
2829609503
2918600638
83383498
21195288
1383119420
2548562984
2485157433
111729107
45017346
303290242
464239147
421504650
64055598
1599783355
279488209
2450111743
2830088613
2879867045
111638030
83942050
2805805928
70439683
2881084750
104173199
103911993
2782285606
2865695740
475825673
76398771
2845813803
2845669150
2871238760
33499952
2831118291
220682621
182928017
70134408
2810320121
1247264964
2788874427
2779178859
2791833857
2787785811
2787187749
1921910198
2792269328
2777680572
93986135
2712784298
445427600
2776110909
113423112
301039985
15024487
57188975
427673420
237278654
115811835
2615772102
66598672
15742536
64019242
2174620567
95630337
39085893
2752217596
408683225
26107779
586144213
2778363992
49442470
123953566
942409104
1723366507
360840597
2664529782
181947519
226315388
2765287860
2398306789
55675940
2753587262
213740506
2718223886
552047012
2737551660
94126907
2678137566
48412322
2738154954
2730556856
539647080
89256517
1663061966
1400978660
2411334655
62560324
2711976888
2709566581
2707115636
2703311316
2660737830
174906373
2698027807
2695849159
38921206
2704973086
175232723
2692812956
129006063
44410281
1533650857
107287671
1949404088
118550566
328440532
219375178
428283126
112471009
2720186559
137943602
2263747263
65687321
36488629
138803774
377449807
2596899406
2530918843
66026990
174114712
88354982
69274510
2579135396
2671705138
2677297960
2705795949
283242870
297613650
64583791
37822351
36449552
16960127
317425171
74163875
53541242
2458219086
2245712279
112977303
1612838958
17038869
2656649662
2424463903
2631998573
2182522484
2577848336
2647659700
2591543287
2500276218
2639033691
1622811577
2576310308
189690250
1465506493
1574030496
180579752
295825509
15235248
62967837
2572765561
15272514
47004845
2549665680
71928043
332223177
58226765
69343076
217142005
80704760
2565824959
374479135
319183018
627100300
2559486578
282679757
514521268
2182355028
154530866
72454067
51871125
207153214
508136792
2548795884
217848004
95308771
175396296
2476860800
68563547
53096246
2577892743
259048105
2535562039
2494350229
336074360
375399492
209828606
553127359
54186477
92282674
2525878496
35652918
1177155134
2157427693
228636732
62926325
2444249562
1283055554
910557780
2468443561
1178637583
906341810
222143298
148823253
713479136
64547382
44330112
599666345
137780981
2490329502
242015069
2489037848
128212083
2537277951
2423110343
379266498
2521238775
2480887032
480691284
35728206
2395556924
2348608099
205446155
253591594
265132429
57042705
31516425
2373894062
489578746
22370495
2427952801
2424291050
211856870
2398610437
2468888489
2474478526
725109614
2398641470
1428972751
2437493365
115000012
168329864
115809502
368661683
2443909422
55615174
1668409304
56541833
306892508
928122145
46417508
1405566444
800189173
2432022494
47307291
1280368052
1372249890
56781479
53393976
498992703
75851616
39633141
89058622
2419218126
724827332
2249725681
2290030345
286375623
83201673
2438669321
2413409545
2264772840
2205857638
40138724
269892002
63942656
2308358408
92874504
525306468
152445134
2432373623
2407588812
158469044
51422011
115134400
269498059
2279796492
2402280644
2402240737
2205912580
118201056
133403518
134473724
1660510789
1611717492
1952406900
41183175
1040624731
49098373
94603122
241213279
235324615
2335123081
2371972074
274359312
57771708
1559510418
76634137
723060703
227038668
65724198
169746678
1161359618
91720883
2386976643
99354354
47104993
2361558572
184889612
1241658174
414428090
184164366
2372205356
2381447387
1886310139
2379774771
222918302
111723755
43163411
382819103
258630747
2339856611
2344242612
47851105
216466588
38870957
143071996
319341090
167855976
57753857
47320759
220804722
2338811424
47524641
161041977
363192952
34630315
326500061
302192363
81247331
722518580
2346538194
2344229804
2344028035
2330928074
906874766
234017459
104530997
64255896
189715759
990924974
2264344920
1865883734
15130071
82768687
256951758
2320929194
2254280294
54879345
28999279
168733967
69783673
63733891
44180511
42678019
714914473
1310994685
897593731
249213784
2319948818
267738563
2317544029
206342139
357469508
120287588
305319539
1496801767
2243150346
43948910
227001283
2287355052
2300431950
2300435586
1908386052
1626870283
2288358783
1254329484
98974608
154470942
463799205
2258241330
2290095896
329734001
2278032701
300555545
251879817
2284520042
1346754936
399659654
195784565
149557570
77660995
165555139
87753566
83461702
2272338031
282629766
2235670036
2245817643
2269126045
2250578249
2222194059
490297871
110775593
105659647
187018409
2256949892
575952898
2256544129
1434838644
2251971480
142696213
61804232
2212543057
2249369149
2228899798
391471146
343094367
286454639
85295573
119260854
2222302713
51261329
98487888
1547106673
1851641299
1528204033
69954863
44765566
2208960251
2231679043
51655687
296273708
1520627664
365230054
263798925
256722768
45992566
2225997806
2222100637
30192813
1657843381
61565743
2219806424
124513466
82251729
128582358
2207809952
239610004
248364544
2195357749
2202789692
186195901
41360263
1452440580
258891842
24046570
1017747433
73507259
324055400
169344029
53286010
2180945947
128425051
115127569
1957779775
408042572
1058166049
1887546373
471678949
116196827
51623497
191104100
2164089688
39405495
628001564
2162451699
257682775
2158632414
2157314133
56445296
97335432
36817553
2153896338
482505480
46100120
396281826
93321510
67618826
1970163931
332005920
54959090
1966172227
136640054
38052152
1962728636
1713086545
213087925
54370689
982910449
1675869476
68512398
319057884
124250381
57135076
159465294
1944487694
548490808
87814641
241355863
1924583042
100803845
1934211620
1924027700
1930878296
1547868122
1927967695
87766202
1918708117
1908379602
159864858
1164487874
1912239936
177617341
1908913670
57823997
1904202536
270481319
45979275
1475483359
71393570
1531980372
330679619
1895160152
252805212
230753134
163607956
110408569
1885877540
396106889
186071216
138486472
15443578
59984504
1859475907
14434407
317140973
1844110508
1863978913
73724541
63017071
380025555
240058814
1063325972
53221578
203062569
342863860
565377365
1704764622
1845656226
37136541
187665810
189845830
1832646026
221777040
339655452
1388960108
1738655545
80897235
1546616768
1732981898
170107122
511736648
22958648
1710998922
358504455
427960294
81280486
145807955
1708769816
1624068967
317204343
1122992550
1230197102
79518556
280326400
245764760
175236031
319180173
30988471
1378360776
85450833
95233866
1569072846
1543035066
50428688
55350529
178885927
39546509
135524228
159556073
29231919
1685694104
181009706
973819212
304542188
993864194
135015664
276736313
426795196
1616012635
1673769492
1596701292
72338778
286829432
57430790
1148688998
102514385
1671425306
1671050186
1020572814
967352784
117912144
120483602
56558677
28680341
1661146670
1210079552
252233975
386076326
522537536
50823138
256091700
1651272642
1624320721
168693760
77414591
1633538316
197587832
63183991
1538954718
252073627
1442658810
161020661
471885233
132020555
1636247365
57715273
1633761624
237331371
66398944
51591553
248458265
1507245061
1623313916
1619215586
1615868414
51737446
1303947248
1618972730
381767367
72035345
1104544478
14511863
321471141
68213475
34404630
1216019738
483157141
1605016656
159821637
53497498
41108109
307149558
95493846
1599445718
60770862
109007623
367283515
89722641
62206891
217243007
57800362
15426992
167677236
100727051
747989412
1587536724
374603991
1538955265
78782879
177698889
293800777
324627971
214167128
1580313817
405823836
51333437
97511586
80714498
160326566
194355780
78083311
124206079
42712377
90875775
1537760611
102696087
99495520
155011921
279265515
184525215
1563551090
1537750244
56583826
103455551
1289646913
1454701842
1079847870
55581958
1369666573
1545927116
227669533
169266801
17034667
757065494
72733686
274001226
61841191
577358098
1544220163
182948714
318867040
60384566
29374740
516078728
78697888
881217289
14813392
79545107
144914308
206771752
45997057
188828582
134158512
1400677476
34682116
1431411522
1529432852
56452205
1528569967
339375429
152029970
1483145448
67644208
358538117
1513705572
458394533
536717699
236408522
84341753
61853004
156386004
408328274
70714584
73173302
1498138346
122125330
1072711034
359071072
361258767
579288282
1306423206
89183594
1452232422
299897924
1480743541
153634386
553559288
73874375
989358780
380091344
387364552
56277141
237681426
86210068
315564757
337679391
548603107
97864491
1463431106
1457605950
57681725
15301575
371263642
290766072
1455595514
85437424
257423209
273935288
231741275
1422986420
1447674283
101868307
271726993
61858538
73860012
127542020
277103421
177326399
158637985
53737700
107234328
93858325
42460933
62696776
263788098
720186248
60370407
112807067
143857829
71096424
339437538
240068526
36415079
492147864
138815054
394912226
235912367
1417962150
109816367
52771455
63810276
204418720
125535307
423703319
370345430
1411362726
235203752
158991794
700025816
352301121
571820772
74494421
16982067
1302342505
1367241205
1130959681
865264160
77348735
195827789
1341578365
595049213
49165125
152370623
1264768190
1375932421
144278400
1135251230
1390285507
1357283845
14693350
57138787
55547444
579123881
1377801672
178452518
177201610
104136295
241238338
266098014
1053262110
184022530
331993333
121206033
24956368
556774989
1352631560
58662091
1140428893
186603291
121441404
359606284
73926127
159949204
126105071
61806580
1354894604
1143679867
51087074
64025274
1351205348
52905740
1333277808
236987895
73487407
94862953
120825994
391031680
132594549
97688461
358196547
1053489132
1342681014
47152958
77760798
1332337902
312921357
66203795
224292225
138463394
73230776
94923982
1323543102
268543714
222970303
1260231463
307681460
401580454
1099668920
1315152050
571994800
113204132
120161878
252667982
402017803
143153382
79290311
1301314850
79467143
1300326656
1252945850
22679771
165884132
65744968
78159167
131623703
1272220310
94795988
1283715972
248667398
501793584
1281324500
138855396
60735147
1278016807
56707802
427344619
51586705
580039757
1185701606
1271574666
141770795
37584388
1226491898
1268038801
34931753
172998027
555730579
335629710
24046221
76632647
23006123
1172722657
398126379
110609501
212298025
525460809
1246559922
1243923829
387257243
51125568
40380200
387425969
144345257
142275460
13974072
1152549775
247422950
1223044340
238786809
76842522
1220119033
79575455
68880324
308133404
377776721
1213264194
1178633000
116139785
252458129
43255375
390979509
88038031
326705544
330506685
1187360023
1186113230
32487565
619743075
67700991
199068337
469374591
75704857
107235333
367448436
58769212
59622115
594874473
831205226
286446468
272069676
27645920
111281406
1152062892
86966046
142033430
573660290
1143553855
325824806
964925274
66212845
242866282
1129655179
42229570
191902137
112414478
151567656
1118019588
296927623
54090104
314985652
259389253
59002769
1112372868
1109031384
132188489
334076999
1097102233
76415577
1095200288
125574684
227802590
190604168
67457437
199908233
153542981
571302991
154146423
1074391436
1072593474
65147585
1053183229
205947462
1057721881
56792427
64796451
1062104354
510444690
1055162666
338092310
15009842
828029250
1042741892
71134605
542714223
967167936
1036231255
171282446
68028106
551384886
66732761
284302828
37422613
156274088
278170435
151813386
1022008285
396972498
82868047
54607162
1016423196
315195427
1011930241
367452832
461293806
1012185415
225955263
1009918946
402093317
117059674
750777236
997275830
634578927
26093504
115765365
90895186
453942940
812122560
161091891
984891662
983689302
135363695
979295304
110738714
70141857
279655166
182132760
364492948
64473950
278110470
77888753
261023250
366856069
962022828
39274253
474216751
52549375
278711680
189247423
949745430
116705516
393520164
72609550
192336123
23858962
945594781
263863861
58548494
23643491
900968706
124536640
45953738
91096313
174788208
365243567
932333755
930674154
59144923
931013928
930079406
67763511
592224827
65448095
889550635
121187382
925997748
923671825
18607125
53499508
461272704
920830885
80388405
93647045
916133113
915774847
915732367
202330654
909231667
117070796
903938443
741305522
900446431
36158302
394433591
219827955
887117484
886942674
876706801
605984079
876312548
875605898
251391407
870122606
865419205
864623726
254547235
69199794
509593580
77836967
498461935
228235324
263141855
175782560
847171590
76197737
845956250
838640456
198464511
342915726
36128577
834379952
828973040
71042435
72895197
828028321
128226775
464875025
827574474
152791513
54301580
822078300
822044390
567353783
821873874
815292589
325282643
229829194
171711982
582662802
805506607
616702022
111593899
801483157
412490682
67458866
796411356
217954261
764246311
132974984
212057734
210665609
20846485
782850470
125548048
38195080
779040512
209843336
778024712
778002596
773714839
767778872
116043559
123212099
104306769
159510998
600661857
54458143
754989307
753215232
748413782
507737004
9751592
167375639
69631085
389311121
203582699
57658414
735859430
169126442
61065775
44407035
731125694
618283447
593161275
324474519
69318331
727152050
336146160
66480919
726063192
180569670
255107973
717381758
122451287
51891533
52779553
61537017
194759967
108591933
701401472
637154559
636601892
82625813
359185094
557718861
633819328
630725973
530016954
342163645
588596825
320989161
620291984
54242715
586685055
486923234
162474383
67753327
623110009
514154433
619071368
619252020
616788944
577621763
48811238
28817592
90138901
118257645
74700408
271579766
241915390
337434988
614554546
314978349
613540899
139763456
190894071
217874923
589833923
19301021
360737464
227517433
297293598
170493928
544649493
37328120
596335523
360823674
349381382
353411486
122071625
67927492
102805070
572749160
597496202
38676716
109998753
91214575
333355701
141371470
594412738
61526614
552296050
448525344
587668212
592809614
164390346
221838937
128748682
17940499
146605863
217441623
187699119
204186423
54709437
210257649
60962397
380359470
142470580
421160174
363147174
133904274
92016162
133452179
114544892
586993663
102872849
302685046
331010217
58787097
583103399
582184138
582186117
582115182
239094092
237869733
532469026
111425437
574156826
577240193
151202192
51718039
56431306
490805010
53914401
571131280
86057869
66494756
569643277
268010416
237708826
26889234
565545402
90419874
86375154
20073834
322595924
235348134
204417213
561571233
561341747
105237750
33525364
267258578
319284815
238769059
558027578
521690703
204236675
281199980
455366505
352920193
510633454
155652130
512858061
86434824
554503826
397960328
74501311
229505475
315941383
60632405
552180221
84787693
65443151
551108309
547263567
550598572
55288771
56505284
543200770
358573795
526365274
281347183
94903529
15089384
441007952
540995598
150417325
33790987
161503294
55669367
48851873
207301928
246574830
182546162
538391360
41880559
65176415
236406526
33637790
162615274
284038362
99281045
115675405
282352173
352289545
523676968
66415935
473038590
527411389
35261395
56227883
525875987
495373145
236414546
184470775
56174459
405677899
149126574
78877534
360813093
28138529
521517069
126773811
519331992
331828119
66844673
518268339
517804002
517957389
454122472
173523897
517493648
200737943
316566377
198119711
490783863
512475799
512358771
67170097
218537622
68687931
55000937
138825329
279694180
441969879
466438002
194181464
488041197
99497430
50514847
461382423
247012513
453583672
106808206
500213105
61192627
34758745
498221818
498151829
281658170
186227565
145811271
373851428
492696096
335572721
87802116
475363513
174488143
164795091
242365288
249454332
247139482
32797601
179789334
487445179
41702521
484738650
483072627
478782511
482217900
481974261
277016664
458901658
177674782
476133740
325593705
474377375
326404138
81257682
469930813
379240417
39231625
37522604
243356996
191924142
71386191
233581884
452341403
453505781
464033183
462895195
69376550
314949453
461053155
33486421
324787313
201286739
442691562
365171592
420372360
392689404
147720499
447987342
447982203
45890496
433557932
439286972
62697802
311175728
276715833
361897752
41225435
291294906
368488991
433433865
435833958
224743397
434526542
434222845
228228807
71814293
317845390
430683284
429835505
64586850
429520880
20384770
54544904
428215772
57079158
427142510
242923077
425178190
54397196
425519706
20566441
166570495
425020883
329129894
81469944
422050694
345055118
420344271
172442356
418753071
210573452
419785905
414797986
19625681
246490548
30076499
366738318
248328350
132962140
157138618
18214541
408898350
397044125
152017988
406274921
214982737
63522754
357013871
183295276
324977687
370872115
388879674
103143384
382264677
390777803
404501942
139896872
44403890
52256630
176864796
43876429
16740819
334176113
91145965
401100506
393823017
111368973
399586017
270022863
258831565
381169816
28245946
97662573
224807580
17537373
47776730
261356910
18551462
393334433
389182614
218978773
394214864
248686281
137496397
116831756
393137341
151151460
37232627
392433887
392339824
107767069
384274306
388047656
27372864
390138048
377113319
84398023
241639301
278762549
388944733
17666537
388532683
388360969
276930890
383237437
387104423
302658837
386500940
34399865
384804985
58537438
274749678
113750615
385080522
245376562
383384004
383323405
382405518
382700201
382491178
74790712
65067172
142904502
381556344
58031157
55932260
130140375
195184754
100631057
378684739
58278811
139148595
374556923
377834434
371396980
92801694
261279588
370878692
295849930
53039681
350047719
329256206
117965377
34928527
320376010
258739671
88511035
373933258
310448730
373663240
373580420
85434748
372398130
336763491
373057863
153989545
190305397
53149559
317506130
172907999
26899539
366260630
150090432
127383939
34406614
368512811
308666320
226155432
68701588
367252725
82768719
216706181
336340828
367244405
365587426
344353306
45690154
52514654
53691281
365544514
240393377
166716393
74489676
93620759
34343289
72566507
332857348
130936183
63282800
87791377
184161899
51510320
358438789
284731365
287759988
360736695
42113733
327667726
258764644
358843503
357707913
358252777
133400174
354708299
356451547
163211496
60604007
276634326
353760057
353601027
178350344
60173966
138147999
291547605
55907667
334846741
135854511
193936067
78206490
348829799
56009297
342025611
153954532
90760895
160948487
185859632
41695883
56439833
333694252
96381811
66125264
338461459
235990943
31897674
48805603
260475717
43462940
280651036
80505291
296542458
29769409
338652325
303292288
49410190
333672291
119918083
296566067
215408200
94559776
58345838
137809583
38675255
332531512
331020033
332375431
301508231
249201464
330471642
176567687
16013716
329733317
329213934
302526614
328060205
285292647
45353384
326868761
307039315
143869463
50696759
325252990
37299391
79760322
57183265
69308982
279203240
322736268
303522557
129672860
106532070
318729810
321544409
273661586
41407752
36119529
192616152
183000007
311867251
121140979
318664895
319640265
179637129
66681094
319014717
180759696
81519009
167007648
38435261
270192748
135842083
125321136
314247251
94639497
315377154
314372499
231160682
149226135
313631191
312692291
27632965
138494242
302120248
309399264
70000167
309446174
94453606
140183591
81369009
308588504
55933607
308193636
105281042
46569984
300243322
280154667
301152457
87914205
282850805
171653881
287869567
278150157
264974277
130672121
222634297
303083310
39379204
119440316
196903747
73152034
62174863
58343894
246792822
63511702
224177534
300070266
293815341
131709170
243205082
276082814
64108591
298275923
158211459
27374677
71834395
254025946
211165175
293266279
281271254
56152442
215394046
127565102
117767785
62957911
108101203
47219586
294132952
294116882
160532780
293759460
293624196
57977498
202453228
130841673
289055779
118220556
85502501
289679241
290832097
289469127
174494034
278805820
207721384
285012929
207469230
210045307
284755803
288386085
286863750
141637200
43439830
182476827
40061323
213813445
286402653
72654917
286491967
222673048
280627980
255178945
284817230
22327205
284530623
174521444
193016862
108686883
79826043
283199825
94085565
282877116
57671808
120621985
189708658
205950551
87534872
282081031
48038747
190241136
90004276
31607754
69164635
280273819
40106372
281108714
35881669
188560306
45035195
280582751
258944022
280548753
245192911
183618295
220341802
280271819
34360174
280265213
279675065
170137402
249655775
68538639
277609635
262943508
58859179
221760747
221021372
99497537
165589694
39533063
258099723
226195520
196494775
76653432
274566019
108332317
41335215
272025082
38724914
81889320
272050230
272646632
50058727
272033095
253862696
113499420
233587852
71165576
191879156
68175348
52418106
270597926
51260319
270501611
269626757
123248948
98530745
268913434
268815947
252768756
265440070
191144875
133308760
237844396
107692607
115442236
251219397
36410854
145071300
195795389
233207915
171537187
255188173
260353953
249575395
36673836
223339986
261003373
261829703
52568443
15412588
29788489
234116124
260103756
58565485
234930096
257075873
250106090
50637873
15984484
81646527
254706590
223130325
65470190
217829273
104381751
164547540
255589214
254732967
234399440
255537343
150264426
143116908
228730040
196292834
252160145
212021930
209149731
133578594
227546989
108383946
250186214
231238093
249483078
189440045
44177749
162822165
152646960
247480126
207237906
93728482
71613675
131502300
241760552
17736560
61347810
110772326
101554408
85332192
175910326
138122544
206841641
228518505
235572948
243223389
240717246
185607881
220149418
241994841
153840361
239178570
86077575
67457397
124037184
168753201
237808850
236910311
66560676
94548031
225196423
215602547
139164060
125350670
187048419
58061764
66743270
158123862
190851117
25813136
72573427
233314811
171030175
35506787
109659807
44784363
61717827
174069345
20103415
106765384
176664634
206881729
211160355
133775934
155993668
195517850
229199109
76366880
18420665
65093012
227143270
57007099
223921783
79620848
69984591
14762447
225651344
225657355
212773905
145298762
34494513
149202124
225097832
63007389
38668538
87355007
217167346
48880891
188215700
206814730
205029271
191087972
177197570
77579748
206291699
135680119
14401668
222153667
52105818
93396686
161282252
54065932
194341304
73901208
221911459
47316387
203031934
59951695
34321313
142308868
221120618
200194704
70559120
103331107
25542507
144511572
129649188
106495808
74214905
151404705
27996696
86148578
68861027
216395976
211598428
95955570
217638775
215125590
130354551
217083745
66485580
85473609
215496524
209222652
199126723
38338783
56379011
211762363
51861501
20481226
14734640
68841411
215313866
215262080
125756981
31294638
57105385
173511953
214905921
55372767
35123073
40556484
51571289
213509973
38042895
99755763
190724287
136330508
205512794
20073175
212669133
211910030
210592360
204896603
47257993
82879381
92736458
53055330
52186976
56119683
78087829
61363223
195361388
147023217
52816642
36037683
204291215
125773915
90267827
187316177
209312587
209182854
185774864
193769524
69370933
206361200
78786714
32237393
29989463
155686420
59858150
75902087
175889305
54088404
206314141
59164045
70745867
204861463
103569842
143835097
204534885
46403843
48135930
70880608
173646814
128430352
78323493
29187827
180527022
142469601
94390539
182121813
39999564
164288605
187009229
129652400
55817521
38442780
104586942
48225312
60774812
125471050
201094168
84991633
141422738
103328238
199789501
33683774
66247983
198382029
193175989
198877273
98454030
159460458
123555441
50851094
195096249
55712703
116055461
34627125
51174937
37318590
195554340
172786888
170470247
54428279
21492147
65471771
69281306
47964607
45701723
146072544
191419386
53921107
194851690
51125286
120947001
30156827
116311678
113787785
196307357
41271616
46476011
150476302
97488159
17313431
54295430
58653049
174320848
105254930
61286511
195376846
130495485
195329781
142535307
193966797
61757342
45219350
194696118
46289883
193902662
54591949
167407331
53223026
60634758
133329613
70278178
37552887
40108859
34126030
29093495
85790667
193339597
69993021
111168004
121766453
48175666
55526516
54930401
45420937
157797301
63859456
94712397
84916399
106489457
179233057
33344235
111162357
175258783
178737093
185607795
80425891
176442559
190723008
71377743
87758041
180840023
188083580
138790450
56800958
161501103
56393507
63478784
188846167
189176645
57665223
182488635
150887477
111418651
188087771
118800101
187611277
176471859
39586743
28111384
186876778
107045036
184551492
185658956
52543925
106388433
6952942
146186243
185913414
171187567
123064785
159614579
57512807
168471089
174393695
177763891
65044292
168660508
54078514
183869300
183498607
101237651
179095460
86212920
55588687
25097092
175013749
55933992
93020551
166646617
181289311
14088261
181308385
168461020
135709489
174883943
67319858
53986478
43233434
177549983
73509876
121458675
66545995
151068510
179616059
179491227
72751990
83658452
72068532
171163075
60638743
143874751
178802921
86113103
40700421
16151642
16402661
66149335
140106538
40994666
62149588
128007672
145312824
70831432
151125843
66568290
92107984
63258821
62546732
174763510
36749406
132569129
75803646
162723264
168808190
53386096
26326906
55429726
174909855
42415997
162777035
56241099
129304564
154234635
162280997
78894589
172434693
36420964
128022864
95031095
175155837
142749431
172612723
61242001
43469521
74229686
145107368
47341466
164403449
118800134
146429392
118111407
113519894
71961471
154678705
171707330
86050741
84060492
111141126
87731338
172097204
172021688
68866460
112519115
119745188
167446906
64555957
136606100
144122645
169694441
169945346
164792047
68029510
115672253
169514260
25142501
110691574
168732894
168705555
159688695
17952888
168552274
164415288
104622854
14791683
138845727
111135437
160561702
167191970
144057906
83596798
165210076
38103161
40731357
30675058
25491242
163949092
163722225
29191473
109021120
126311087
160385141
59675401
55980342
162787421
54660383
92204012
126525042
160708816
143918332
133702150
104509448
58570193
160375652
159454475
140243153
34095945
159966354
14893613
159658017
62132889
159204351
109017458
157856483
48817369
56488361
20804030
91498461
85608635
156733846
152475076
49435906
33385051
153809418
145872380
152055699
151675500
45050644
142946475
150047800
138084128
48544636
56564225
145765451
62073278
35581831
147341375
145747531
86550528
41856954
75343153
38565697
145770260
56704681
121492478
56413040
36150493
77869500
20150066
99942107
87762500
21591801
142123932
59866962
61838303
143412292
126913529
142991477
69965488
61629727
141302379
132721661
142546530
25756523
39622878
141260020
139489509
85642701
130143517
140934098
45739769
50675520
140090337
55974366
41888330
95123441
86059880
138858356
138838125
71082843
119048863
138400379
28376308
80608273
67174981
29124701
128634236
36513930
51187511
136094265
32985683
128885200
133332300
135272946
116189772
127549212
132981915
134632785
33025512
118517148
133842107
132964791
60229320
17669991
113044447
132614099
132504694
119455730
93876877
63113472
132263498
130812337
132168037
132183068
70191996
122683018
131165733
113937332
131480463
123801584
91370973
46663300
131174172
131161175
92986576
106275997
75524845
39611506
124569732
121899089
105007681
99382580
128276519
127256160
45471390
128284781
60783620
51497312
119620629
75616382
127384987
61607090
94162968
127263471
127178670
125857064
126810699
106142101
71692666
115225095
39896734
126175358
125879481
124579126
56864872
117820928
18294171
57975496
80101553
53477804
113030956
124781938
102111056
87473597
123102853
124019862
115627189
24684430
30710378
122530753
121827396
16262414
34302019
116327589
123106458
96396583
66353965
115569671
23080967
36232633
114595430
72675901
122037965
38363713
121816281
117699718
121224202
88709458
44888495
9256562
91185961
60424207
54641240
119762195
119229513
119957244
119139953
77188006
119222979
111637974
25853791
30938479
69688394
118217847
54754708
34508447
56570391
116776138
114437652
116251625
24532450
45831328
42119685
115206644
115370045
94305225
95312396
54639341
102898543
25532437
53943223
48994277
35259049
40772751
107524715
91319002
61187606
110454809
64250183
95215847
21822738
49678278
95781755
14686000
12722382
89419512
106499577
27368164
74865686
52561699
106701570
104519465
105119447
61960637
106578168
39349353
58273709
105489743
101657320
52060301
104625210
24353938
80395573
75848740
52613994
101998743
39784142
100979673
17798904
20987577
100008327
95277323
97550521
99033835
99535867
99014216
80905668
92647185
89288916
65479256
72127653
96837167
97444693
53047040
42818206
78311038
96220430
17044910
17885545
96456475
36671674
86352201
70827258
63752257
38357501
94510174
49252139
93960844
37352152
81060158
93775480
88833664
17964321
51564844
67010857
46973077
52764156
49169236
11211942
93061219
59948870
92976191
90748662
90970126
59889079
79005869
42653406
84768714
17526116
92323759
17220084
83581423
44704646
91854226
14346432
25342760
90668973
33276633
42266907
87210424
89005056
54239649
88826517
17780114
70054309
59976399
86160731
85947182
20844587
87453316
26136926
55613634
64164847
86563104
86046954
35854621
57411991
83854056
44190812
68360887
80114336
57229009
62254709
84826058
57754470
57748388
30854254
44757867
72913958
13057332
83588408
66184095
50068586
37345473
30379508
38923734
82683918
74335069
51365399
81109543
52196414
51357237
80959084
81894980
67892177
77877086
67288441
17619460
78712371
68691671
27660084
79318321
40910764
72131919
77019424
78723858
33514791
52903177
46738393
50676111
70429222
77037172
62122748
59827806
76835180
78424409
29083311
40258962
78385733
44001502
59781120
77657951
61511916
74918878
76760278
77056569
58635892
62704979
70466105
74880787
56263369
42807452
14568762
75653088
75661748
16542082
64768603
61581650
15210681
56301347
62972538
53260082
43355978
32743264
46709348
19537867
51480017
71831862
73141033
40605157
70821333
65733166
38692783
71846796
71394790
69738732
69377741
71055432
52908701
23618425
70704516
53390781
51853346
68759580
21944864
69392492
18233027
23661728
56412962
48411538
68487205
67663125
68012363
68001536
18086682
67674597
56905151
17904350
17234169
67151791
18352985
53694149
38992186
35255040
23511156
36182326
17606982
13316862
65347678
42996691
44924135
65162903
15190307
65084075
65041086
56553284
65037627
65035976
63763351
33754776
53777188
