1035161878220165120
903009408
201397958
940623396697763845
2395398296
414937153
4570313525
4481653541
1900647150
1612767036
1658724426
50903833
303083310
46709348
69377741
51718039
473038590
382405518
360887772
364639532
125782790
64465994
163211496
308687370
288838017
328776794
66681094
283578769
32642319
236080858
121140979
205950551
120167942
130751114
216690386
216728415
194726398
209182854
184794438
68566318
200140002
195096249
194714343
47540514
77579748
167407331
187611277
156487649
182460064
96790785
47482931
172612723
168938746
77744778
57042367
156504505
33871183
42436137
