1113655333589745664
3764509522
301487712
1641914088
74290576
818579623
258507863
771744612704747520
1052542275446865920
3404872541
321733751
1061951717204475906
748130356591759360
2289566778
1060624077625483270
1087271189159071744
3968803342
529671408
941755454811787265
846482901424332801
261441803
2163772956
51295634
2643639975
1017100722977103874
917870888946630663
950219662498893826
941755714300796929
398851479
718978119227613184
709070058102898688
2727811775
975891112006168576
1006708509382205441
1576319821
1054828169470066689
90233002
211275150
981265057786093568
290312135
1034149061987889152
881254542754623488
1047301837110562818
1042584164879556608
1006646996726435841
22157406
107461551
976439218942693377
999693483765059585
580100195
1036420757583265792
68546378
874349682675331073
189540885
917195331716239360
3315673175
902591094042583041
1022515342130720769
4874195231
1029516836742803457
197632373
915780464501297152
153203863
1301436559
137775843
4393820176
566525956
3838460793
1568653878
718653812744065024
1372628766
967500903443025920
1683541866
2519027950
1006546092517920768
1005846861809405954
2490258398
360585978
39405495
995807022166740992
1434541045
893830565597765632
59926999
827867267128053760
916691416688013318
939248319762784257
932710961231945728
51863325
3107911353
499198064
804402349825466373
3245345914
361389998
414937153
226315388
897465132271513600
108013542
714892710340083714
124018815
133953306
212412290
82690075
2903100083
233254809
867093128
2993873636
2966973975
887338290587873280
388933645
247920485
775030160001228801
831349948738314241
4903156137
751486387602518016
791388524369080320
118875938
713540258860818432
1266899984
763561429559545856
764999772356968449
352824232
738908943901200384
1305203005
848281855
203728344
70839385
809173788
1902122414
159265829
87175811
84466430
3294208449
110454809
56221084
3102142845
161301525
249925990
2792269328
57042705
2463536464
2364136693
294341599
2158979089
1966172227
1962728636
81387425
1616012635
336792656
1624320721
1550415264
1530621966
99364006
226734886
1272220310
1044766658
303083310
889550635
59943118
886926204
162416825
876706801
870122606
356528889
868976676
102111056
137857516
228235324
67379541
46709348
117767785
191924142
280154667
633819328
279655166
107566856
319284815
102514385
626447656
625117052
69377741
613474617
51711745
51718039
122071625
360887772
60370407
282352173
40574326
576508712
533357765
66494756
557137577
36119529
441007952
302231351
534841169
473038590
316224988
405677899
505818896
317359261
418753071
62697802
232281416
228730040
380499701
196630707
393334433
323322320
141231366
394214864
384274306
387376434
309897409
383237437
385080522
370850535
383323405
382405518
365753553
311099793
316591608
340697709
358843503
143869463
352683713
363489854
64800595
18233027
362085208
71104134
80954447
26326906
353204356
121276807
343672257
175894450
223921783
288850025
94510174
323339557
332851135
247480126
257668336
58604695
221021372
289055779
119123223
309399264
56367943
254203263
303172574
15798460
301152457
262432835
234129112
103558812
293266279
51531972
165194760
194134437
213855724
155993668
126306146
184524178
249916641
103714964
237348352
228833027
214905921
289469127
278116784
22327205
162474383
204149485
71834395
174494034
65699449
92118339
278805820
202453228
65752169
62356974
80463268
62198528
145071300
57183265
191144875
205950551
202170687
274145673
272672764
258607387
81646527
133993596
255278345
133099355
66681094
77579748
225090365
212773905
70745867
140090337
74335069
225651344
188215700
225097832
71814293
217016864
144511572
71961471
92976191
33276633
154678705
190724287
65481435
166646617
193902662
190890632
195096249
86207596
142946475
48514068
163211496
90855184
51365399
86128691
187611277
175013749
174763510
148553834
134675747
172612723
68522317
161503294
133329613
49252139
148450505
127263471
133332300
131174172
45471390
115627189
67137891
48215186
94063576
