1112793818569560064
114595430
1068641201811804160
150480670
329734001
3192147802
1061065636749676544
1107771975341170689
853732578565791745
1058481969691017216
749664018332258304
156594714
182486036
271187059
135252790
713815170137591808
235329864
1101582093656702985
1101196460761202688
1074831921262268416
1098789589723029506
1056278764131442688
1080162416627990533
1098414233237291008
1096605011017109504
2450385590
1046464436
1090406068319072256
1052542275446865920
4805237475
1000855398356865024
1006259521763897344
1038516916904751107
776955522
1041672209750667264
1076062827029385216
1080416935928610816
2293200506
818498499776040960
730241749566820352
1073813304676618240
4839677019
1068995142302998528
1069444474252726272
114274957
766646556946796544
1060527500588130306
1914627470
829363525
359695201
868231822228021248
1042584164879556608
1042096191905968128
107461551
1039977931500605440
2360955430
1254612607
1024378564047790087
759872863096668160
359991659
1025046533903921152
967500903443025920
1020740516336594944
290066609
838190841529319427
1010732855494955009
888950783177359360
1683541866
964356772570918913
2519027950
2919464271
1002024020609511424
22304663
1006546092517920768
431936891
1001756792001646592
937051953862979587
992547698606735360
39405495
19549641
3316605820
995807022166740992
74762633
54421056
50409126
52448575
1224626899
69018038
898146675704967168
844982582341197824
2903116892
987483834013888512
102805070
890063759833800705
257710740
323816619
482925736
3401669925
974115123123163136
229549562
1417877792
2148022328
970677201434824704
970797086886236161
966148357965144066
941291543327109120
3390243501
961954497525440513
229027832
493208484
421030542
830955510249771008
931638465116205056
755501997579759616
1564068278
709845234860105729
2869580278
830975846001340416
898400837545766912
429066574
939551933894942720
41370062
45992566
928776457333207040
170869243
2628038804
874783442189393920
158143544
243425162
918756914787508224
1671627692
89496302
750072496809017344
3312132447
188785794
217186074
897465132271513600
77548734
164739227
155380869
524366741
4405172243
46259872
52603507
869408303729827840
364535738
54019226
875648444345368578
186240150
85295573
854387212917641216
1694903113
1254576025
1044002990
175918423
2395398296
860130237031616517
2778034833
50091097
2997775440
347556308
858756549732433922
775030160001228801
729297109338460160
3222639406
851077478613430272
850914815656775680
149603992
754176693267464192
3571993635
93415652
841815567115923457
841745860631359489
839547073221517312
837957543716610048
773348068305596416
833737791930564608
817180136294547456
827226968806551553
2738941412
210556297
783692059114893312
110030951
315377154
799168539005517824
808869129834864641
336615600
38287789
203344860
2807686814
793154533090295808
3466209976
4903156137
787882820681117696
39180767
208170879
707674603
54916844
414937153
2994267969
763561429559545856
769671911555133440
294178281
2749692322
764999772356968449
192706059
1455802430
3929114133
718236948427628545
745947893253685248
738908943901200384
95944793
173308334
738733283295563776
733007918426120193
733519074555109378
809742433
45956724
724600586688184320
2258241330
4905366102
55855311
144622042
1631040686
707386778018312192
704348952657797120
702867504696332289
285178374
848281855
4700175916
134624735
4585136483
115477917
2866216055
4820103190
3975780202
306759157
3332580039
1517180958
231516872
2895387641
2891524883
388933645
3294208449
3379745404
3150492679
3294006826
129026410
3214715447
288245160
3120070956
248328350
237278654
191270025
1524631801
2375467346
1359661272
95637877
37822351
2339856611
54729955
40960314
57042705
98948923
2402240737
240105271
37336858
2341272168
2333807516
2284520042
50060652
40574326
2225997806
128685345
231238093
60632405
97335432
59199670
1966172227
1963520251
1962728636
101080105
358504455
133042453
1616012635
1671425306
1744930080
64083835
61107735
336792656
1696904862
51512334
27315346
188764800
74265906
492147864
43266281
1424308542
73477209
159323382
65479256
57977498
1302342505
51537216
1362448147
99364006
112052067
700025816
39069168
1338091530
1396122548
1385919246
270022863
1130959681
1099668920
1272220310
1268038801
235339551
288748001
138793054
142863084
1117593810
842761903
1097102233
34522200
175606294
1063752750
396972498
69973470
279655166
187675867
64864860
303083310
889550635
876706801
251391407
870122606
845842640
561160913
210660528
783722658
94559776
633819328
47155357
30496433
214723390
581422040
618730354
33523743
188482987
51711745
330471642
122071625
43553359
72915715
282352173
64178209
146605863
460390059
319284815
198119711
36119529
441007952
302231351
473038590
405677899
99511344
476354252
73478199
89280411
487465760
58923018
371396980
260475717
67458866
357707913
92352140
418883540
276634326
86550528
169949166
320513774
215262080
36155537
240938031
418753071
241317640
92407667
327150446
103143384
196630707
397196256
21492147
393334433
323322320
384274306
387376434
383237437
382405518
383323405
372850587
297844621
373933258
270096301
87121261
58827842
297977305
280766134
358843503
143869463
217259865
365899769
193320238
51345486
126670041
362085208
358252777
277730016
160639306
350047719
343672257
350933006
213370605
253530974
234563804
73019754
305330768
347847751
113470160
87758041
315156811
330504964
51260319
236406526
62276516
70183448
311632296
278116784
337426016
146999057
247480126
325865999
304117972
325787222
41117741
129672860
70573677
179637129
313631191
214634614
157797301
221021372
309399264
289055779
69377741
301460936
196292834
303172574
280265213
277616533
49410190
22327205
293245663
78800851
283199825
291249019
289469127
289679241
145071300
286294118
68522317
128911657
191144875
111451167
205950551
282060526
280273819
168850980
280669748
58994843
32702001
140150422
276525836
118517148
278805820
249261104
274145673
44033617
67802383
110570165
59907386
69463655
272446728
55819927
270391744
258129815
267368798
54677197
233207915
57973044
46709348
225090365
53567744
37345473
41096315
243406233
66501640
68232467
243271237
38061469
33790499
247355915
66681094
249483078
248162132
65205635
212773905
172936270
245027602
17093617
232667868
241922708
64231592
223434080
235546597
233556039
188083580
77579748
20565462
164403701
190851117
70745867
27442177
94782597
188215700
225651344
30702949
71814293
86434824
66485580
221998584
66494756
219318641
187048419
112566543
190724287
93960844
33276633
36410854
15811806
122412972
191100069
201236446
196743335
32642319
25753326
193902662
110098918
51125286
120947001
32743264
159931789
188984545
53722850
47341466
55028263
30297414
89662063
187611277
42761079
171512965
43198463
10848892
46235394
70263211
166646617
17734216
179233057
119123223
50901559
16151642
170573944
174763510
82176854
150495613
51542470
39381944
36228457
133578594
172612723
55595585
152762675
172972746
126175358
160411412
154678705
48199514
169822494
93519456
56488361
66419300
17780114
17952888
168552274
28756960
164415288
128462061
141291362
116277911
32568761
54660383
114227994
88066219
137858130
39896734
148563787
91090825
93528386
113986558
151155432
89933323
160708816
159966354
93694461
64918575
145872380
49252139
145765451
111162357
35581831
89487192
144511572
56704681
87762500
143412292
127263471
134591704
60783620
137017642
130354551
36656713
118450653
116189772
132981915
133332300
36218260
44814015
131174172
45471390
109995364
70455835
81646527
119953527
123555441
123014192
92352872
115627189
66560676
121224202
119957244
119139953
115206644
83588408
74335069
21822738
105489743
104422380
84148969
18233027
33214208
71961471
53047040
97004232
78741068
63354721
58053896
80425891
92976191
67770446
93000064
45739769
51365399
78432841
