818498499776040960
1020740516336594944
1683541866
343127306
1506103363
64411288
1265831936
738908943901200384
3066068405
3030761915
2615911218
1962728636
336792656
1011247711
270022863
303083310
281199980
54458143
731125694
637302332
122071625
323322320
72915715
552180221
441007952
302231351
534841169
59007745
405677899
74335069
485454261
184625190
59675401
418753071
128352825
85072243
371396980
258607387
107566856
393823017
400974047
357707913
393334433
394214864
384274306
387376434
174651994
383237437
382405518
370850535
383323405
381556344
163368696
366260630
373933258
360887772
358438789
143869463
106142101
34948942
362085208
343672257
349340725
349755240
183201606
125321136
221021372
21822738
179637129
319108559
289055779
115442236
129672860
189541239
280574810
221170777
69377741
22327205
73523420
280273819
51756770
68719944
108975342
52962530
293266279
294766887
115206644
196292834
42113733
121816281
284457362
289469127
278805820
64864860
145071300
214504348
107767069
141437071
279877244
191144875
101657320
55261271
222673048
272146723
67099177
219827955
188083580
28648376
205950551
272268464
194293936
92838280
70423997
27588118
276826067
50080798
192327023
31302661
278116784
66001755
280669748
231117627
53050115
51222997
52888688
45035195
59174080
46175136
15816136
158566742
97335432
67750738
60962397
247480126
71860990
248864318
103869049
249261104
131504563
226385147
100376993
248996487
115038179
216013901
67714134
113336877
46709348
225090365
142687113
133099355
165284355
168967590
60639455
66681094
243214706
246574830
77579748
233159646
27442177
140925817
145453495
188215700
71814293
46235394
60974821
66485580
66494756
202028419
162847015
214448771
166646617
194726398
194714343
203290690
36410854
145463292
193902662
203728608
32743264
38287789
120947001
69274510
41482923
190724287
48134284
180369158
140492548
73926633
15514035
38055433
167067730
38664661
179095460
174763510
49252139
117570463
58306135
173855916
65754670
119957244
14734640
117436933
163211496
92976191
171502700
61838303
167446906
154678705
152646960
165467851
33344235
25710749
36706319
168808190
17952888
167102257
162280997
94510174
51365399
21002279
54660383
143183923
81688746
93960844
71961471
18233027
70745867
68522317
45471390
89325697
20458415
