4075546101
1001092904079822848
831564825914400768
1085517138796969984
161687716
329058330
1058021525805244416
2870512431
3225246274
715295181558398976
1020740516336594944
94202070
731302095324876806
283114991
1417877792
952229244947587073
900777214475677698
3222770898
279663205
2903638053
414937153
9773672
714892710340083714
891791326961971202
875417113497935873
884699013957734401
869408303729827840
17467699
957115176
751486387602518016
197601400
3280616474
770224710261022720
763561429559545856
3066068405
144622042
4451574569
158153248
860400871
1087614998
1442462437
69645695
267423544
17413742
2384049745
2828725224
239613168
2752217596
1486850894
2169132752
1962728636
776550349
336792656
1526963030
532239925
1483145448
138280410
99364006
389585633
1357283845
1120243279
123418842
370345430
362226051
36178160
889550635
172907438
124206079
864690860
761674188
191924142
532956865
69377741
51711745
51718039
157009433
122071625
66494756
78335545
441007952
302231351
550598572
473038590
489013863
453445157
107566856
15446042
407022181
397264916
393334433
384274306
387376434
383237437
382405518
54610697
225608649
360887772
280273819
120621985
196353527
88298956
61810246
343672257
234535359
42638723
343397137
341248805
339787515
247480126
114707067
92976191
308220916
175789394
253541892
309399264
267231105
291079297
250688790
280265756
278594601
66231397
32620799
74335069
258501421
174837242
133099355
225090365
77579748
71814293
66681094
190786714
38350289
184161899
190305397
105681113
65195971
41214291
131644605
20963699
