424478985
379938558
1029130993494630400
795005397711130624
1052542275446865920
886846557584338945
124474578
48438939
1052209648852508674
2827371716
100808041
2805765626
29028504
431936891
967810355270385665
1373839326
818498499776040960
1564068278
3785219843
978719442560528384
1036396672027381760
2881357863
794239477573185536
107461551
720299486300377089
1020740516336594944
1683541866
963153014839062528
995807022166740992
975127474962132998
802721367745556481
943201816132685824
945594781
2846153381
82768719
978453992798859264
3401669925
64066611
1417877792
412490682
940355499245080576
274575412
900777214475677698
952840589237800961
114799162
45992566
897524323606560768
806954456478810113
869408303729827840
865558231585759232
860130237031616517
744978262875607040
2252275515
800176228544090112
933423055
185456535
498221818
159878619
3239627165
414937153
763561429559545856
768191997563793409
2749692322
707281994
2549287917
738908943901200384
3066068405
736329803956166656
112052067
245426690
4002679523
2402240737
190643220
723235773265383424
2521178107
4823917151
144622042
16890321
711325460295192577
4451574569
233314298
56411323
2567859848
283671272
80595193
4159211211
69863354
4099244775
35856589
4261895535
4279585516
136044398
2714664154
4171179448
2232263081
33476315
166254488
224760779
4106729542
4106528356
4079672475
1947543720
68827405
195790966
3913436560
157122507
2835685093
92076195
38572599
290360001
44401316
3469386147
3439635923
447402209
39405495
3411355347
3346728034
59642429
62892922
3241285660
2938220811
388933645
1859169073
272951267
93460317
66435821
89041779
3386048349
1626206996
3294208449
72641789
3382026611
3355435845
2835634341
3361555887
262298825
3352109661
133932812
59210445
64541137
52266804
3333054321
60087156
106477174
141419955
50285296
3324790925
3313354144
3150492679
3305992720
3198529465
3295167503
3294006826
3214715447
94393121
291391465
278066493
1869930560
288245160
94126907
66007469
1319168226
2914190645
57113013
3167111213
30669127
86972630
98473163
324150220
2844524711
3139925577
272552578
184972758
39815044
171639982
281124208
351186298
51055760
135640986
40680215
2981446305
161041977
217848004
44944951
69133669
249220344
397459427
171601934
2868585665
94462741
1524631801
2792269328
2825392268
109663391
81725371
2778363992
61611657
37822351
2561946625
57042705
269498059
221777040
1548344780
2317544029
2287355052
2284520042
47004845
79578909
1966172227
1962728636
64990077
1948227931
358504455
64019242
43215069
336792656
222998629
35292944
1671425306
1652358912
41170699
343666087
231238093
239478167
492147864
46579281
438049516
1545927116
16296862
20963699
1541189244
1529432852
58846465
101998743
73970351
62681249
1496025800
27850924
1471115876
494896546
66503233
99364006
1185701606
1428580219
250426689
109816367
155011921
1302342505
43333124
228503385
1377801672
55547444
1353165847
1351205348
72330338
539064723
40092740
51087074
1332337902
122125330
26951613
42229570
1099668920
1315152050
64808806
120161878
1272220310
251741837
55561602
145393662
1158363480
76842522
68880324
360633734
68041817
98195832
367452832
979295304
949745430
939332581
113073219
303083310
889550635
162195278
587972720
876706801
870122606
15355071
17174331
128226775
34593179
806411239
627569750
808736682
31590528
764246311
778002596
280154667
54458143
762028423
117767785
633819328
724975574
381284680
718667876
720124500
637302332
279655166
711765109
191435984
30496433
232006365
527365772
627809472
595027241
215262080
625117052
23540715
607475800
122071625
583380345
35773683
51711745
287869567
587676321
125398514
501147908
210257649
587932241
550406574
74430716
59944269
226402232
74000165
71051632
80789256
567837569
319284815
270022863
33514791
556013434
92364732
282352173
554414539
16480207
282870252
73680278
40105127
75670655
521526664
71028479
510633454
55669367
539558707
74225965
441007952
179656460
36820792
324704933
86210068
473038590
285388412
198119711
302231351
405677899
72387068
42752851
67971750
500375533
390131193
68285909
78723858
310433926
156420799
78912150
389646158
255158388
183201606
418753071
84995018
441954165
392689404
446776091
450189991
380499701
51075078
412447722
263798925
56909958
191924142
434964242
431111672
422050694
240819477
414797986
417866966
416708362
396105363
416348623
410941609
410386000
408898350
411540740
411238738
183295276
324977687
402761375
74232474
71862789
32502337
393334433
323322320
394214864
393137341
387376434
392339824
318656291
17666537
383237437
302658837
360250413
360247340
360227781
385080522
360187806
370850535
383323405
382405518
372850587
381556344
377576834
143954465
372003995
360887772
370827941
136194850
371396980
365753553
78782468
188058722
367824606
175210244
143869463
47851105
365587426
327568317
363979505
64800595
346375916
362085208
121276807
358843503
357707913
358252777
173819655
348001836
163211496
316049763
353760057
125321136
343672257
334660558
349340725
253530974
348754711
70544054
345075347
49479409
338461459
260475717
196815712
47690087
336722437
61535962
271645553
54617986
332851135
94559776
98938462
330471642
330505658
62638095
326150692
226377710
129672860
304117972
108435593
321118201
320513774
317918655
320569827
308108906
179637129
318250149
318131225
256077053
315377154
17798571
18102715
313912123
43162923
283199825
313631191
27255633
312898398
312313988
298275923
310926132
71165576
309399264
309446174
291373428
308588504
308193636
66415935
280617531
254517241
303960227
301576891
302939821
197215682
301444281
271739506
300869423
179247786
293266279
278872575
284755803
80715449
293777162
111684267
266309782
280648956
287896650
196292834
289055779
291141173
26890404
49750614
21658029
289469127
289446050
20612236
286863750
267493176
116599025
66851070
62926325
284285723
22327205
199894051
191144875
189708658
282081031
127465224
40380200
280273819
280632932
280436912
280324055
86091695
72654917
65959439
280258795
36155537
49158435
37931866
264944601
91185961
158118772
21053113
279675065
262226907
278805820
271951048
195020741
277609635
256608966
277714160
189270171
58676465
69377741
272271654
276539949
258129815
28678761
271214528
270391744
178568574
179979920
270352555
246863309
68175348
98385960
255503603
269446116
268842732
267692392
35819474
267368798
221021372
115442236
113336877
145071300
195795389
237844396
69057036
163552039
258144928
247003148
260923713
29788489
13057332
46709348
61935487
107768566
219408677
63281052
249628610
143957078
109659807
253782165
86081719
15829786
161301525
86545946
179789334
66681094
24490813
80464824
86293829
172370082
247480126
193946740
246754901
247008998
246574830
243223389
43692572
244983374
224498926
80125853
162030613
77579748
97444693
22158328
205950551
50120763
225090365
58120645
67752884
16960127
203302192
58937281
205405452
233556039
133035372
92615798
139164060
234027821
196630707
185246846
190851117
221804224
151713664
67304218
36408971
17340898
140925817
68841411
56455802
107384346
18008274
46235394
41271616
212773905
86293472
54809273
188215700
184954053
223921783
223565371
39345663
177197570
223339986
206291699
198480757
27865340
221233434
142535307
194341304
180126438
99710216
202028419
198893966
60713270
217740206
159122423
114050779
199873900
213876188
214905921
93728482
190724287
66485580
53702629
212922131
209538533
93047450
64532326
212214539
211840917
150631606
194293936
211598428
194726398
186653139
57229009
133329613
70508230
209182854
36410854
74135568
54295430
34902179
205974636
175054388
46188639
15811806
27426943
40331487
97892012
25579097
17780114
46403843
52520086
203728608
48805603
138849140
148563787
158078026
170471284
201138417
194714343
195096249
49723100
45914754
118220556
66443562
183503159
125467774
120947001
34138932
193902662
47257993
191155876
93946921
116502922
82340633
112192549
155380869
190419653
173511953
91090825
138259134
23217126
180840023
181868109
78923601
188937157
142477922
96599458
69921459
46302714
123106458
182546162
187611277
150331695
51901713
84423509
27442177
123064785
72706995
184639608
47766090
73106956
177763891
156966044
42525386
179095460
87525018
44711660
93735645
93960844
65471771
14065204
166646617
77009581
32263861
174462759
44891268
70248408
36178160
57815899
115471950
136446895
172740051
16151642
172481051
171163075
24759997
37445839
111626609
172567229
159616150
63885550
39896734
53111549
164526579
57512807
70812806
37290303
177063220
134638941
74518948
92107984
176195058
32642319
174763510
48620751
49815496
164015107
93656158
23794667
78479861
32743264
111093417
30696103
23309850
27032309
173870346
123555441
47879708
172612723
52549375
171904025
167871215
47341466
173663662
81967614
76315111
168808190
36119529
169683905
167446906
154678705
66748475
37427068
111168004
168552274
167102257
164415288
21002279
91661889
50308828
41856954
74507363
165893474
68193891
39930293
11609302
151155432
121853973
163313316
89933323
158032623
45150477
32233888
59675401
35100278
60195996
160532780
18426854
161481944
68522317
82960973
158857189
132234318
120494334
56216299
150264426
20211915
42818206
21516944
23162656
72751990
60634758
66168743
38565697
153652050
131631008
145872380
152055699
149202124
94678108
135242600
27355189
41172060
28430741
33719046
119476496
145765451
111162357
35581831
146549381
86550528
145453495
89212171
138790450
144319675
66025764
143412292
137678689
142344980
42110435
20719838
61118107
85473609
55021816
26826013
140652097
79053577
140090337
138858356
135356851
136948001
95781755
79619633
71758015
104381848
47200492
135153673
116189772
26061356
132981915
134591704
70199895
118517148
34118062
133332300
121179511
132964791
132183068
131144586
123801584
131174172
53223026
67311184
129239516
45890496
84944350
109978894
84724372
60783620
52524414
127263471
125112426
81646527
125195767
53477804
44687629
24734696
54007567
38705550
30517785
72913958
115627189
66560676
101270138
14465206
76031830
46289883
42110328
56706656
68025332
58894594
68830867
50051014
30392748
121224202
119063078
77037172
39074370
36751044
119762195
119957244
119139953
117824824
14977119
64805404
74511369
34344949
84663637
80457115
115206644
46738393
94334036
108745889
57401366
65210901
98505131
106578168
67124500
105572148
105489743
104956216
84148969
98169403
97667840
94380713
81686313
53047040
41728933
89649579
74893865
83187384
57566715
45471390
70971624
94510174
46582932
94172095
71692666
49252139
81887177
91096402
93775480
90994821
25632306
63307801
8412762
67010857
40574326
80378191
92976191
88662013
91343709
49743279
17220084
21822738
36037683
43113215
78584993
32507216
90920239
33276633
88284446
26326906
36253944
87467566
55240564
28643473
20804030
15740471
52816642
85320990
30516595
86069525
50042370
60213274
25682614
50778668
70745867
48836461
58357945
29058705
84869582
39804218
84861738
27449990
12879042
56502934
55574603
28341078
38488938
69744831
77335963
54235025
53050115
74335069
47831016
51365399
60285192
63023105
66278057
40717344
71961471
49744588
66494756
25006733
71814293
72993715
47142679
36749406
37539125
61256650
37345473
43876429
18233027
52159343
22461104
16288001
14764908
