1113773541554626560
1077089080469585920
149365888
42394831
873002821758615552
822822341159817216
42759474
1052542275446865920
3296860319
1081514560861949952
124474578
180879006
106271014
162422433
970029610179145732
1180512704
1071505322714558464
50385328
2741855049
83683189
921340380787937280
1000510034814660609
978516252040794112
728483102
885898582137729024
107461551
1031017168081698817
1023769245342212096
56541425
1020740516336594944
911222950451347456
1010732855494955009
835118862651781124
1683541866
1003405415072321538
999090236310335489
362512056
989605725721808896
984292792338874368
83956582
482925736
972595247208427522
215484230
1417877792
493208484
26608817
156494417
714624411794583554
151913694
138151058
900798710946430976
924349086307938306
630456046
376187911
343127306
915744151387418625
827666611
199043750
717555238333497345
331366557
245573323
164739227
1558539936
1053489132
1380845941
866497561686921216
869408303729827840
858716171453046785
414937153
849282124679184384
2805611162
833191934403477504
2732914397
802984192543952904
808869129834864641
505131061
3312713434
2609069271
1695038996
4331591903
781644598435340289
67972546
710609870194610176
235823989
740938602180382720
2924208299
755741191656833024
749643576309649408
53172814
724674617139421185
738908943901200384
3066068405
103476070
739868934103568386
733007918426120193
112052067
3079804301
117852637
56551705
186173936
699720734789206017
4866928779
2387673334
711325460295192577
210223822
4451574569
76652483
3486139637
848281855
488684443
345089662
226324281
77610395
157681790
3582787217
3407522326
3997575981
98111501
2364977757
1650900414
19005496
359433568
53936391
398745120
191847026
51345366
3380270973
1360724196
3991665028
3225509170
3454293383
4091026221
1283371670
157805691
115934057
1836646062
3001037714
292666512
3558568523
205288215
2823057821
3413330727
1232325943
388933645
173546024
1857616652
58465845
41384759
301165140
3294208449
253263306
63968235
207196817
58953081
3355350286
214739723
164080533
79289227
41226142
178140108
2329172840
253357723
69645695
2964104373
3196267755
2503956609
3193106855
3146209478
3124187164
44371907
50726965
2459092321
1320648050
249220344
2440481612
2749031841
629794025
3026574093
1455213464
3000670690
2993849718
2967181121
439972687
2946393112
237278654
256015480
803689476
421504650
92975763
39448730
2865695740
2851618594
1315019504
85360320
2792269328
1100798784
171182976
50470544
124527396
2713043290
1098561248
947068442
2595998025
2263747263
2707136355
2632528472
37822351
2274761290
2584393098
2546700541
245018605
2476860800
2562262450
2259736734
2510464531
67158278
2501635718
2521238775
2414738242
57042705
55935249
597450263
2416609705
342944969
41300496
2400653330
294880743
56753185
23940201
111723755
2296384878
2364490183
1316909774
38870957
1548344780
2355529352
2263070731
440819382
2316129542
287375524
1576231627
2243150346
2277435326
2248479265
573660290
2251812056
2243138581
2249369149
2205754964
2217419218
2238466914
2235280574
192866395
1946385926
68125306
437746699
56094752
2201963138
2196800269
2192193722
2151086683
74194767
1018491606
1963908163
1962728636
1957750628
101309750
358504455
1912147483
232978266
1919991000
48686786
1895411005
1885877540
1879223443
1863978913
1738655545
1732115245
823852058
336792656
222998629
542644763
1671425306
143243784
533150804
1651272642
764250048
1051311230
94462741
1629554520
1006273826
62206891
1582118810
1575755016
74625220
142696213
315490135
1228648394
29374740
1515837390
1541189244
1539046346
1529432852
273122276
1389839533
1398384888
25720498
1462207874
1337267850
141067235
926684383
109816367
153634386
51537216
1407966852
397314840
1389428851
1357283845
1377801672
25056662
1365586021
1351205348
1200599342
188467237
1327433390
1321236566
1099668920
1302342505
229251009
1137067081
1272220310
276146108
1275383046
1249677816
39807147
531521549
102671303
53829794
82363997
95194886
875605898
66212845
75318729
321147089
255545438
1095200288
125574684
43707183
34522200
1080605425
199908233
201877913
96646181
1009406814
225955263
722518580
988047996
981541590
980449170
979295304
856380860
865340726
940423098
303083310
889550635
59544665
921476834
917728736
361398023
912490321
834352351
871797374
870122606
23113159
863462479
159206697
469403465
36050385
55708894
751867362
54658016
167641359
749352488
422025094
128226775
819903295
590263533
72944192
325282643
801483157
46709348
344282515
779040512
778002596
769507722
99033835
764780918
424384559
311069193
583800099
159611578
207139376
336146160
180569670
279655166
115746017
161786917
636601892
331896732
160025051
623110009
601334394
122071625
607640078
51711745
343114141
55617547
172725786
316165940
14585513
379851505
189108630
572254868
177576315
296008255
207249588
47802064
534868040
380499701
38759990
556013434
529073048
53728892
526371075
156651514
441007952
314503614
36119529
490805010
55669367
497935423
509593580
537213532
162546054
282352173
223616775
531150496
522560975
473038590
527411389
502111791
217435338
207955691
67170097
506085817
82737050
348829799
42320311
340639213
122017873
77993115
68782636
455366505
498221818
181630734
448463483
364458633
492696096
83844937
204465739
478536874
482214602
432656606
387801482
241760903
180840023
95908732
457112887
425251678
286462640
420590487
327719686
450008053
300379354
448028778
201741514
276715833
405201165
398016637
53065047
436050461
404054838
431831108
406349349
172125779
419739247
328181171
422180052
422050694
57977498
418753071
414797986
336257209
418576622
295849930
379248318
409553668
143863013
402742942
179354041
163993715
399511359
295209972
401100506
353601027
187308219
107796283
314169434
69682307
395534027
393334433
386381709
394214864
388948200
392969468
389679635
366831799
272182821
383237437
358348583
382405518
295905477
207317540
100811539
372970975
68430483
376288834
100631057
380101438
122965030
379149220
282129400
203981492
288274510
377723835
293699396
326965820
324594543
249661976
366788531
373933258
185942833
52568443
372825262
372419671
249610012
265532924
47532673
370122917
211023916
311111667
126148903
72989186
130203169
339901921
328459306
143869463
107167693
53081311
365580935
197820767
359925815
72269524
198830633
362246635
362157313
91422674
332351820
198892519
358843503
357707913
353172943
261296855
163211496
353760057
34343289
312800938
334846741
317151512
20293258
158059716
311114404
292699023
170149566
347839553
182568432
315156811
17412131
170444383
274952190
260475717
177615912
222988813
148914191
325593705
338592868
194159592
337367295
337248138
240822862
334758489
247480126
333949461
94559776
137809583
80561653
301508231
330471642
317314414
329258986
169233034
329213934
328773545
317161615
92019765
325845279
68431108
298619519
165187318
64396258
262920886
82932382
263181780
92322624
263968953
233215906
33478052
62621862
130495485
319958738
196878888
315423160
319014717
81519009
71408888
316135418
46278844
151204682
126305713
247102791
313631191
39860881
55624284
309636070
280273819
146978102
253140556
154146423
40785024
175837230
304165987
112159777
303597909
35562229
302036970
99348387
200231522
217066225
68399147
54999818
279631710
56706179
131709170
298275923
16311024
39854594
293266279
269441178
72316564
292979271
66681094
191128576
240393377
92847264
291926115
49750614
66441505
70238555
236526970
286863750
186248228
48348479
284285723
264144326
100136050
35902866
94317282
282081031
48038747
281199980
281188270
117767785
220341802
51321483
279675065
195020741
278150157
277609635
66704799
277007375
221498230
69377741
62503940
61793026
48544880
149226135
241577942
72843609
272050230
242989875
86563104
260920790
264944601
71165576
191879156
270084945
113921496
42525045
134955663
191144875
42440055
103889033
68465783
208101497
145071300
27372167
80811837
260751082
59598637
112276399
179576743
66181730
256108423
79001271
257099122
237903476
63238038
239813320
130974690
116196827
239541728
116734133
253844208
164844541
67489730
212021930
51360061
89052267
250876976
243411965
249732713
59462033
79831158
36827349
247406975
130146124
244060712
140257582
216182004
246083899
59834605
241760552
87059135
198912081
244337223
123880488
226948954
77579748
242263482
185343329
169239083
15461401
168190743
239586944
153887209
233256022
211728347
53396613
225090365
34684913
228522098
237719634
229570797
48789672
236949283
236836325
58366146
119213052
47316387
234966751
139164060
166979839
227176832
48490136
135832727
158123862
25813136
221760747
20804030
232602828
116440652
211956001
57382480
71210261
211160355
41787390
228483176
228881195
228249170
227139964
227333577
14250062
140981261
192357325
14762447
49618650
96164131
225651344
53702161
225097832
225072749
222956565
223496035
130628027
188215700
184954053
222153551
223269599
219999396
222585978
169876477
212623381
222931372
222792974
168808190
115206644
198480757
209722358
209711760
48880891
221911459
67304218
220673501
55050702
106395826
219793355
76363821
114277934
213736027
42920156
15811806
51122385
159122423
211891502
73459049
8816542
101544429
49418448
67161678
108556336
195470690
175889305
204896603
198247862
54433891
207815606
71961471
90267827
209182854
206288046
22557082
130371731
49156150
64041883
42879278
37933964
33371863
112471009
58339806
47341466
125395241
126996743
179599379
113964699
159460458
120947001
84449958
116726213
194381027
138888856
136395078
173232718
66748475
42421350
88257262
40615183
15525069
23804107
123561601
87758041
14305090
188937157
142477922
188142168
38466934
66463266
37642720
187611277
77037172
52397799
18762751
165214282
120524706
179181572
103716707
167980398
148932485
51454369
73547479
179514838
40006201
44711660
182822173
179778424
80438424
166646617
58071258
49583705
156667576
85159101
60638743
171955782
65209048
179233057
30312303
58575763
171730874
55646618
119957244
125814915
50676111
174763510
55975532
53977175
115048269
87673899
172612723
174320848
85413069
120138461
163861128
78034009
67342971
164792047
68029510
100593201
157176327
168552274
101536546
166631565
76796649
31294638
49683511
165048286
54008196
151635986
67719008
73872063
95312396
161895983
160532780
41756460
161407123
64238848
132367423
18509510
81931497
104275377
151304505
68266878
54951549
96746736
56904245
29540716
16212858
72581368
140090337
155071894
36068909
146529914
148867005
49252139
140598438
138453887
148376114
14887791
63207954
113181361
145765451
84668316
84615814
144349823
127671199
91979676
97313866
68189523
143649434
94343262
87762500
49958053
68589561
40605157
44986451
38932105
100411422
69969318
140660677
25097092
124296869
35596296
71109024
70166218
135710186
131983225
134922913
63258821
48242354
41856954
75057300
45014722
26527397
39233910
32124489
32985683
131391905
15779986
57515782
104465912
55373205
49194416
87787492
16853398
39076080
36334389
84755051
56858982
73731767
23854717
133332300
64461559
130649256
114317059
126132716
132183068
52060301
53047040
51365399
122683018
131816620
131174172
102681753
124210931
9210672
69910840
36140078
129304564
45471390
88290785
90138901
74723651
83481204
43108020
127384987
58836700
119713366
113203139
125507440
61075040
81646527
56864872
105657216
116848447
105459374
88045805
61480235
118766313
96615220
111368973
122496695
29776685
77748387
27440351
104561339
115627189
28132856
121822401
48688126
119139953
56780945
41540935
27869745
