114595430
1029130993494630400
1052542275446865920
1094732782117572608
431936891
1032721146884628480
1020740516336594944
1417877792
414937153
1118019588
764999772356968449
763001142804619264
4451574569
51345366
2440481612
2862500584
1427605693
1962728636
1744930080
336792656
168451529
999598232
137857516
46709348
37551359
280154667
637302332
117767785
618383538
122071625
323322320
587676321
121276807
66494756
360887772
441007952
510633454
302231351
405677899
240447859
227494259
260475717
418753071
455674913
436346011
46738393
55410003
394214864
384274306
382405518
387376434
247480126
383237437
365753553
113750615
385080522
370850535
383323405
373485325
270022863
372868156
216762024
358438789
143869463
360213128
46260349
307615873
355536678
343672257
349755240
94510174
336763491
107566856
279655166
86550528
133329613
220195383
317880289
145071300
78335545
26326906
214905921
280273819
234388603
290939368
297800494
293266279
262408602
155202330
72966828
193902662
18233027
285876927
191144875
121224202
120947001
164415288
278116784
154678705
67943913
273688315
270096767
22988853
225090365
97444693
133099355
66681094
77579748
92976191
71814293
239864814
90889393
119957244
110719846
51500269
74731774
74335069
51365399
79827955
177758981
15302909
55405036
157837151
