909829215515811840
1103375838723100673
833835960664260608
2151636498
1061081543278579712
67031553
1109291213704888320
347455218
301175874
873382809674686464
841003150387609600
3438591551
424478985
1029130993494630400
293216607
1979652134
342266525
3214687504
892510970916032512
1103280241408118784
860912803665858563
1059483970503696384
1004377886
767492201471479809
795005397711130624
412490682
1075208743401480192
35978371
624283053
1106307353014603779
1034889602488840192
1087844993111388160
875171084450058240
1052542275446865920
1103318269870653440
1106624996674359296
728346758292619264
1100468004565979136
886846557584338945
788037310659059717
1087271189159071744
55226463
1035542987084902400
716959649518460928
741606306
1023000383139049472
749282210746884098
974885341676101632
1000418494620618756
48914240
2732691379
892831358250360833
3234667139
71150888
1085278802589245446
738705705465679872
3323013621
1088858551261499393
964515135485292544
1042424043591352320
1057756770800713728
723690042502336512
4449863541
334742038
1061638607352614912
1000470159549763584
1091068611752546304
1027975256760299521
24606103
261888117
425373694
1084132387360030722
206920014
501162901
933075900
78131231
993026278335840257
68579796
3191510638
846038496003461120
443970294
2827371716
979164557120811008
3094195031
92098073
1084162068109053954
1073508142019997702
1082625495420817410
1077257122528854016
29028504
1080517439870435328
1061587157884768256
1032662708565553152
164403952
967810355270385665
1000855398356865024
1373839326
721526082713886720
1052764639371698176
818498499776040960
730241749566820352
787413119270281216
161827575
2284038100
2951721970
217186074
892766065553534976
1073931299394588673
892360740434214912
1027219488935235585
342384666
1072505074117734400
1068995142302998528
1564068278
220079746
700893794640773120
892094579662630912
2178051211
346144608
359695201
1068664888950759431
873716964
3974075315
84606570
109430931
1255313372
301199293
309837349
3906224234
1001592191658192897
952016050262085632
774359760388915200
1060201540093390848
1034994862557409282
4842549988
71835506
907088747983982594
866078001993330688
865586518248837120
15079270
978719442560528384
186151466
3308515851
289684916
1007453402077519878
801037776074539008
1033842067968016389
1053260289775464448
235379870
267444045
910937566614081538
165999123
86211448
4012538716
1669312686
1050558209289801729
8362252
1049735102949990400
1042198483472662528
434636869
2687814764
1051272396462804992
2238324973
756500093356875776
174802865
931880898534002688
720948336069603329
978690619064377344
968070873235193856
1036367385584955392
1038248640505163778
15523806
874349682675331073
1032073717529174018
100020020
1026888346830860289
1024873710682034176
1023968212931756032
1023322595670847488
1022274939058114560
241216799
927368829696708608
1016647217896148992
231981020
743064029820792832
963153014839062528
964356772570918913
822822341159817216
931638465116205056
1006013102394101760
2155488932
1004433496390209536
229685110
824090878029533184
289525473
2965276966
724566096007860224
61006257
990334047695130626
724796777652731908
182992981
374424196
978950935840948224
40270337
41933427
765232802266841089
67110898
984571926424293376
2252995373
811944962837331968
980865773999673344
960279231199633408
2355606862
2884442781
978378571612909568
979170385626353664
978453992798859264
94220403
70756956
973287839986323456
1417877792
4393820176
3390243501
150488130
155653018
350162340
274575412
2884711943
962649462526050304
608300667
149672540
940623396697763845
916157241262247937
900777214475677698
26890404
893562142376505344
714624411794583554
2271862011
114799162
769180903511822336
70490094
947702054574837760
786754704697090048
2593793377
937431609892048898
937040852580519936
925714375847137285
201496871
932710961231945728
717416185
33045484
45992566
170869243
3395987501
927338530245939202
900798710946430976
711360106466844673
921053786499624961
304113161
804402349825466373
222618168
3232712639
866985692399886337
915672422300442624
343127306
910976322100441088
76508153
911080422485803008
778619164449792004
4814214143
2574810392
907576843552874496
893304425221165056
907246342233354240
49331819
203995828
431936891
1334998554
3354400571
2364757591
897465132271513600
164739227
1558539936
2882437401
294181520
885987326706536448
892063881748766720
886264006356463620
881258706436075522
869408303729827840
877339155470049281
869646334856499201
289962070
85295573
812415788053331969
726422667616739332
78484846
866301301877080065
860130237031616517
3141432591
3652409429
3245857773
726150437137715201
2781519411
2817077243
849282124679184384
44058892
775030160001228801
160321392
40397530
224052388
856293834917105670
1694903113
826197800438394881
3296567109
61057645
3833602517
68580703
156060846
1447787984
35484400
2860979745
798706991774441472
822249270862458881
226315388
827226968806551553
1266899984
766011075447910406
78605525
816521148347412480
37122131
828480483679989760
3671011877
233963980
58628701
817180136294547456
816521860003299328
814826763289239552
505131061
812063885301837824
4034387589
803525134942400512
18437317
163554217
160705727
187966367
164465134
788202366860427264
37047062
797991681912094720
756136932569128960
796400572089925632
794602321808424960
3466209976
1118019588
4903156137
781239782554861569
257643186
791356590536417280
789906160753213441
781193543528439808
763871009741139968
788471039613362177
783467830243160064
781644598435340289
1964634570
3496238902
194797824
778626882594111488
164678250
2306622151
365430324
758684833585520640
93299158
774711278514438145
773636448880910336
179655882
291841759
1324417584
769671911555133440
768597250469720064
768191997563793409
3079804301
209828606
766455200181784576
73176372
763561429559545856
759852554683461632
1455802430
4570313525
4101048029
4504743075
210607426
750072496809017344
2389932495
56931945
722134282395860993
739326621434433536
53172814
738908943901200384
3066068405
56551705
17895728
173308334
3215208483
52595133
111177338
201033868
4198278754
146557650
443997564
139570814
703022523257102337
706343311695593472
21629029
725468694290268165
4338608489
1535035266
344230393
2663732921
727496593201594370
794046336
1437194682
67077144
724399269315248128
71830233
726099645064183808
77784819
54019226
58462007
296420707
345527508
252318482
803905028
3045010265
2521178107
46227425
162407113
4560622823
89348606
434340125
3167111213
3526218507
241999971
3048359766
1631040686
710420370059300864
268825924
418168482
1431646525
303896022
2765210619
312047723
129185787
215362298
711598639488045056
848281855
264387032
234440312
4921695346
4854546796
155304326
37053412
3519341116
56862536
3154975487
2838738503
4853858194
711325460295192577
711390634792370181
711161093926862848
2957643473
96388536
160965427
4090398340
2331908835
1385556512
554796229
91667961
710109702663872512
51595305
4338995729
380083008
89434735
4451574569
57712626
2686332403
3433530652
2920314905
3593133257
237386949
548616399
111435975
1117593810
310494081
227524012
326323550
166797554
707386778018312192
209538533
254726075
336074360
700471476114198528
563292636
706467849494269952
56264904
705068330844037121
80703237
2771264663
41120669
255485695
3207575363
171296237
255228137
2188748873
1347123481
703679309559545857
184863782
703211742755618816
4344099927
4899932920
859804658
150835368
573660290
285178374
700796901164130304
3341074203
16808012
39048236
107461551
4906462827
291477161
2976682120
4915818965
299679431
1683541866
109329449
4901928725
1666598498
2585167946
76510916
347847036
163669061
297462561
143243784
4890280949
987393546
355052274
754061156
424711950
136600947
210883720
159525593
2577848336
901066399
4870775265
376884717
4869085917
3037778411
256015480
34138932
201004086
289107369
4864478915
4342407022
3119516308
326344037
147333087
275202597
4856944865
82690075
3361455185
4853348782
21039198
95914768
77512102
2807800088
4846989911
56411323
37643291
123212099
2386870851
2400677789
4836689501
2258927676
82956574
104708353
2742229481
4512905056
298088756
4828442824
4831485027
376867263
98111501
4528045880
59147769
97526102
4821915045
2787588093
97355161
4820103190
3561229821
543960716
4816234336
50029117
3381821607
195047008
245075531
305752287
519695907
2577548876
248360850
187892842
588644884
188172243
4765719015
1169904590
77316393
83342755
1084133874
439083613
251291633
4710928342
3352556188
128313132
3380955862
2992106991
414937153
265555812
48759093
4708770765
4707708045
180505637
283091822
2271449839
4684921128
166254488
187732733
866454224
2733721947
2305649330
4645889956
4622848277
2383762106
19005496
3422211976
192385671
4620992799
1022008285
4599434255
3322182617
116034120
192409818
2468443561
4515632753
493578637
104538569
2263230955
358491008
630706034
4560089495
158515159
3181695909
178490342
283671272
3991296323
165494329
17929500
171217898
249143892
4432363583
103143384
147177801
326817690
115461524
4363639109
2303663083
457885042
100635169
3234034811
19073763
1555798676
2320173768
4329813615
712894602
87940819
4312231996
96340721
2216971676
3785219843
69459833
70731533
80902692
83178241
220373606
211352807
463332301
3484744393
208254016
2994267969
4237757895
4236944081
78078040
344287872
136044398
3084746055
43008979
2844778879
109084985
4211599084
4090572621
4203981521
2836174799
4203687370
2232263081
57063422
2872683430
33476315
168841243
1612937808
29995340
317273648
233236964
333375166
224760779
4106729542
4113284367
200214858
4091523046
2177482343
4099244775
4079672475
761855102
4064874688
90644308
29741298
202694163
4041174299
4062722193
4062305602
13115512
4054808393
171259254
4047465759
547567446
4023244515
3103083201
25284121
3820180403
352692999
66138272
320941636
2456033460
3980596695
2486571789
2759288961
3503976676
3948837285
3921787773
3910661800
2887962161
2835685093
254308290
109613015
3249088966
173230431
40488166
3314975362
549201260
3300016277
69973470
3380534955
2810285515
962716836
3824839635
3820044755
61011738
3001037714
241979473
612297671
3742803855
314515283
3698886556
247258638
51832753
3645353541
69762280
3593380216
96231695
3649016595
3647384655
1703177430
73704523
3615721515
3037052939
3611579367
3010527527
3594143483
3593452635
3234456048
301545593
290360001
40726613
2885626841
73523145
410791444
345496672
3555408076
131286287
3298772723
604838583
1013214384
128050886
3473055383
3469466009
168543193
3443311817
170735274
3439709895
2749692322
3439240780
159265829
3438309623
59642429
216251001
3437307189
542822615
52527759
98195357
147416840
2938220811
68738044
536771859
298143217
3433762187
27180569
388933645
763969548
331335685
278066493
898694732
1601475163
3427185839
112465445
3426957675
184766801
2864424388
157122507
2307642233
3330405471
2950647141
3415955825
3025681945
71859154
217176828
2816165371
93460317
385137683
3059809666
2983334363
56260657
44756750
241225475
3404479731
175503085
454572193
2990294266
163090967
1463246533
3402112853
3330818759
3386048349
719492782
1626206996
150086273
1058419597
3294208449
74082898
256653872
2477255429
154360450
132465521
3391538573
2505685652
73474656
65117441
242506962
3153905304
2925107264
195107546
3199479095
160720875
48093093
17148579
175395861
2349855802
3386726073
2730412895
111740332
3386024555
218346227
3382026611
345389126
3379607146
482391207
3327479530
3380621931
60167261
40530350
3378028126
348845943
180083959
3156804397
1232325943
362649792
53462188
35295369
554647704
110454809
3243713163
221263056
3363467026
95004800
148922917
3361555887
2453286473
2857944125
74877091
109332001
3337946261
231605383
262298825
603837391
1371868938
1037760474
214739723
95944793
3350744357
3324148192
3349098341
140159274
60362322
3342033777
53071645
2343212788
93470843
3337402660
3254799759
45149646
2572408245
52266804
3333054321
3331650099
46464822
301767261
85598464
59303091
241340884
55900738
82932746
141419955
100602735
70430791
2924726091
107436484
3134785353
75376828
3316233129
3313354144
133004779
3295148032
59154566
39333747
66420647
480896646
3306623409
3305899067
938414678
2203232317
294798930
63225833
3007865247
3300006731
34902430
3292247626
63852190
165208423
3294006826
168451529
2597011843
2914862596
2317767439
3239262077
2816762336
217173808
2889881626
169886191
18964073
2433978541
142835647
49506012
3241343218
3233889059
2801299029
1869930560
3233681243
809742433
2546458866
2363408581
2613099618
2554663903
288245160
71900051
84456786
82685432
237376201
1120393717
3202995213
2964104373
3199488407
3165331089
2399801754
2965134712
3193106855
3185204559
247998455
55909329
1372630884
225073781
1107722688
3166057186
3097309361
1140180734
3154340251
3161224037
3095864489
255668697
2844524711
66932910
147756037
3119499765
35613796
478597657
2217853298
3102142845
700025816
2872499043
3129477892
370346843
3124607992
218574328
44401316
3085739934
3033712385
3100801450
193152686
204104554
15273023
3109399605
216185684
3097380549
2714832486
34839043
1466025044
2976859235
253758215
3042001448
347618700
101907597
3093893434
56151010
1496025800
281124208
50285296
233260410
105168644
80069783
126709888
3076795093
257975027
169954270
2844144887
3085584353
24532450
357716813
3084606557
125356902
3083210338
3059814653
316787559
71095589
1390392890
425838281
45956724
129959677
81924673
63759145
219730764
3071226765
33281245
161301525
3067052458
74206886
2981652783
230504780
321389050
235269267
62514958
2910256169
277769165
3059098198
89695094
249220344
3056984043
317314414
1118913421
2440481612
3046932797
2228989602
167060199
1568170322
233254420
2418559583
80988065
166037145
2582796740
3028103139
58939981
3033762820
119763038
2844349372
3030800350
257672747
156836934
2300124422
59302596
148082761
228164480
155730499
42968111
55632005
3015183605
104267677
3018724534
3006180233
78455758
71300676
480691284
3010616387
111684267
399684723
77661942
350262652
326479817
3000864587
58577182
40871571
2958529211
125073206
69133669
2988073761
1461187837
226205687
41210182
65470739
2974860004
785049554
1606249789
2891577568
76990296
216838761
111100160
2613383027
2977060876
2972125473
237402801
2279573076
764888042
349637476
110131628
2951309422
17343037
82404910
2956468588
265076694
2953101700
2950637499
48544636
2942557288
2941961560
2612501947
2879867045
2940276273
2937293045
2928621765
2927040459
2925848194
52418106
61151949
170181523
2919492777
2918600638
2916247073
266474998
67983878
135243393
125207085
2843438351
2908296904
272975432
2904445385
2548562984
2485157433
463050164
2900020270
2898665457
156339843
2897178323
2897592633
128335589
303290242
2586698849
704508246
421504650
138803774
1709735863
85675345
45017346
2875509694
2881084750
26229729
162398617
2363581527
170881003
94126907
2871533433
186086452
78161944
56250387
2780611091
2862936797
2801208724
221077808
2753338866
715225579
2858075008
2850532749
2851134029
195429924
1315019504
385941745
2788817492
156429058
1158861858
52812141
193255418
394187766
165635478
88664652
153461846
2835634341
197020570
2784627953
153891457
82544827
308537563
2837523615
66487747
1912239936
103877503
66655828
359433568
2711106664
2833891384
2832315147
414075539
2827508224
375869065
44018907
2817326219
319963817
145710722
1524631801
2810320121
71364933
2721759214
2805617410
93456300
2817681456
349754764
168763041
1705550498
2752538934
2796728201
1149641874
2790473253
2786461882
422225987
279488209
2768361328
2792269328
71667301
308892096
2449990988
2825392268
2308986469
2546529440
388788664
2777760873
71110761
1321339616
25244034
80940496
2697236757
2518397000
627505231
301039985
2767665995
2632358105
739622197
83425185
97030315
73721204
508136792
274799329
2778363992
1133952294
837561997
56350038
168302003
282832992
2760117024
2696511966
370494952
2749862249
39815044
163213749
2747628968
2745123565
2743220052
2741885940
148109806
99590892
2736816109
291391465
2733231541
2730556856
124517442
186476403
53712457
91076138
2726410598
58006061
54916844
49989037
206403092
2737773161
249295181
63274698
80923608
2679855734
351186298
50300261
196718055
205417732
138169153
246082065
62560324
2730934575
2706664873
146085160
226586971
71632688
2695849159
38921206
175232723
1290281610
432980252
44410281
100284194
2476070510
2664172141
275840970
2677705470
891443780
2674189262
2670911911
137943602
16542082
1408490400
377449807
2596899406
2654253151
2652340814
1692519991
2714664154
2649447750
493582628
1616299339
91197720
2205291981
2386811358
190494756
2455729276
2638495753
2707136355
2335890674
2665426005
2694916263
297613650
2619572778
2617803607
37822351
25185600
298754659
288937663
552101293
481207426
2263665756
283242870
1941784614
2291685055
2601546218
253003652
987556098
38179740
477210234
2674012702
2604330608
213740506
225930834
72961780
234935745
2279911440
1651272642
2654160995
2592326323
2588811770
67769017
2647703921
2591543287
52520086
2561562350
2588650596
2638826471
2584531170
2603143349
2633007417
2631998573
1574030496
84960729
127670784
2576106775
30469687
2573197218
62967837
2544301146
2548852026
504017525
110585484
71928043
332223177
2565824959
59828995
374479135
2490329502
2597624949
76074935
836476843
142659752
226746956
2555858856
43605617
2588336326
282679757
499917313
33939509
175396296
2543580080
2577892743
292512135
2541780522
2540295338
2573332673
2573052471
136353210
221911459
152196319
92282674
909344354
2530463090
2521787232
708087869
68563547
53558819
2519509225
163607956
156383005
2535950416
33552843
460357139
704304346
1925084941
1264058076
2555314469
102546261
2508574543
222143298
2195704222
2551425898
2549865064
55082705
2361116184
599666345
2274827766
415686699
309989942
340024816
2399363737
2540291531
242015069
2217419218
2537865820
331443540
264166031
1717232460
2533861157
131312584
2480887032
2481189974
2479485708
330720737
552189423
2528446599
165787541
64313839
2523506525
2474132930
634872644
57042705
256973671
309311105
2511619942
18277403
151264647
324887769
2440426850
2275148784
2424291050
2433535976
126758036
171923518
1634334727
2452709262
2451562231
33790499
258630747
1451425928
34109547
2444779304
2469994408
2480879440
2441025463
266570804
62654941
57201438
45439665
2433685705
98948923
800189173
53221578
2429499206
2428189830
1280368052
2374185979
1948227931
2425825561
543429440
2455389591
53981533
1210223534
2448899579
2419790341
828159193
2416609705
286375623
146529123
83201673
2413409545
81417660
124818843
63942656
40380200
157395867
46183794
86178828
152445134
56176857
263783379
223290771
2324228034
2407715826
2400653330
2429084302
75851616
725109614
2279796492
2402240737
210269478
15351948
56884072
1521114194
166623220
294880743
64569303
2426759416
49098373
2396285706
55730934
258550542
94603122
2395238160
61571631
84997705
2288358783
43402456
57771708
2214019452
131274411
234017459
1536997452
172812099
92284932
44371907
86810692
1035563178
66409119
117841908
275144778
120825994
14145020
227038668
271185586
130973933
169746678
2382002586
54039506
46501630
2361558572
216466588
33751284
2376318769
2386976643
1241658174
2372205356
1886310139
60870779
149234276
58364644
2339856611
1177127305
80376148
233314298
115080692
236392842
2353258447
319341090
47104993
2360162677
599675318
28887383
182933340
1626962468
2357393878
2355529352
26812321
76155262
161041977
220804722
326500061
99354354
75075260
2352134911
2216417624
1028611669
2350119332
36253944
25192729
1310934847
436811336
2330928074
2338577486
168733967
2341272168
51313350
73512315
571056450
242760906
49097492
180476849
202756434
240285396
184972758
73996150
193135583
230285117
68475998
217834167
64255896
82768687
1345508384
58278811
853962889
108741069
79200931
61901951
217099380
232423259
61325218
189715759
41400871
336601020
179258364
109321289
80147645
2331633608
224258247
105979281
197967895
69783673
63733891
1858017559
189690250
156796976
165477612
1865883734
75876075
123960234
231110216
1393315140
2321565098
86551740
221777040
78712371
255278208
1593894859
2218513394
211684013
2310761182
2313695900
59637534
64725720
2310904837
28602692
2243150346
1283046704
2293777622
2258241330
156818998
151630855
123939068
83461702
95949738
2278032701
82956171
1941696589
238016720
65778308
52885014
2285493834
242370409
62233340
163276532
39405495
2284520042
329734001
1508333785
32563096
17727451
2279085920
120579054
305319539
50060652
57709364
2277435326
77660995
2274384757
152678447
2273205846
2248479265
299814211
2212543057
2235670036
2245817643
2269126045
53195678
139763456
2250578249
2266984976
2256085406
2266595503
78125994
2263329085
193989616
2242003275
1951851530
2259256278
268899320
2255954353
266100748
75155305
133403518
2251971480
332546330
342378325
80117022
155551523
2244446047
2222302713
2238321474
2240424673
82251729
1381925616
249213784
72117718
33591189
1613782418
441386339
2173980350
300003855
189946061
1547106673
2216988150
2205857638
251268921
227001283
77603735
36172541
2213273743
2207673781
68125306
1869719232
2149884145
2186896561
2199035633
2219806424
2214536058
2214429500
35088188
1445477839
100345299
1228790906
2208683544
79760322
2190703354
253695096
2204201582
282629766
2204457432
2207077375
2207035472
2186786296
68867251
96379657
2203553149
2203199214
2202941730
123380306
2186780015
331895137
2158783585
2162575463
113763544
928322486
2196896569
56908230
2157497958
2169584585
2194330291
1216259958
2179027614
2191310509
2186139961
2188584438
2172537932
2186573527
2170339759
2168304032
2178163775
1332053070
170585609
1957779775
329830286
2167274702
60643942
180107862
2176405716
426050394
93429332
2173208755
2157969217
88564731
69099820
82705614
2165219101
48720952
313901842
41360263
152370623
70380521
1972927014
1966172227
156100225
93696918
136784979
1961155746
1963520251
1962728636
51222997
1928074591
1897472293
46296353
68512398
15710710
83009589
39481995
1290230424
324488331
548490808
174375934
1924583042
133042453
358504455
49189696
69734184
1918708117
838702628
87766202
38052152
81261223
481453488
57823997
71393570
88036301
1543835538
265575024
88496867
34740764
426234913
1885877540
1875346855
284536144
14434407
65053773
73724541
63597920
1858040708
87814641
1710998922
20342681
1838144666
1798718778
1832646026
174000500
1738655545
1735410776
1546616768
1732981898
1560023262
822153457
427960294
380091344
1686870470
1719744186
169083129
1694983416
29433778
57353860
184889612
65412629
76427403
30487138
336792656
168693760
30988471
93772100
222998629
126070767
513129839
1697155681
159556073
1678824487
39546509
137026011
98265574
21268951
141624326
57145622
454122472
130588265
1489313504
1666644505
1616012635
1673673336
1671425306
223185081
386793071
65450777
1611574297
55740096
43569222
1158363480
117912144
386076326
166184828
556352866
28680341
1626850496
54629593
95211319
1652358912
219470644
1624320721
133556454
245426690
91879331
1622103019
256091700
111021437
71096424
132020555
848253164
252233975
343666087
1636081496
18890026
1633761624
256705184
1630145312
1006273826
1612767036
73373759
170104328
282679238
1556935574
1613868128
51737446
118519752
113093753
1544494549
72035345
166369251
887798984
1615868414
47754867
1615211095
1321627932
1545927116
200712494
328792534
764479794
158578775
1589340188
785559932
39397660
336121955
130186342
1191876356
138047911
169064358
1589197807
1538955265
965743154
253183829
146164303
613926071
464748089
324627971
492147864
83674955
519964459
1573796594
89758682
78083311
1571274781
85150664
90875775
264146068
438049516
1375718228
1557957420
1289646913
1513705572
68040911
1542385400
50865898
404377596
1525852722
1507616839
595591679
58313548
32749397
579123881
266103055
34361339
60514442
1541566501
434382358
42084972
53380079
516078728
283185131
1454107898
206771752
51935259
219375178
469574813
68978322
188828582
731630340
174379677
56452205
386221114
224292225
1163566759
1445889307
16296862
81992149
1523895973
1523097691
1058968058
113445732
1520473933
138122544
139288004
54641240
161489503
1494050480
525954514
1361985151
1480743541
51537216
67520741
619991096
1156977426
931019857
1416762342
1357283845
237681426
1457605950
60087156
202898408
183872287
30700431
290766072
542594618
1377435534
1452476000
75586863
268367972
360585978
228935291
99364006
56839573
994867646
1423550743
263964557
1421769319
74443479
81088951
109816367
122147466
62304099
126504995
1411059672
153634386
1138063884
1405031090
1302342505
607577572
1403392694
1400044717
79545107
1397468372
1319266801
83476758
144278400
43333124
339951816
248855732
59008090
203528453
45598285
337530342
1350259657
1362448147
36103593
148457046
1377801672
271987374
1370587430
1261195046
83671748
1338091530
846502190
712402369
522690962
337869458
69394127
220859511
1150810368
69451834
78919073
240285606
28260510
1355803586
40610167
85155909
35275667
1331874780
1351205348
89497774
72330338
234034377
282292134
511736648
1266697494
53777132
163210350
80066921
1343321083
245598073
169929640
387405608
45123074
269892002
122125330
55547444
1330544784
62809063
343498099
163831440
211269591
50762891
1323656130
58643815
545451338
62299578
1260231463
76815036
1126426344
77760798
1099668920
1315152050
571994800
58080111
158094270
99987878
51450433
485378729
1305203005
237331371
382880678
60674160
1301831323
232419669
169626215
1292980380
306878909
41237772
498151829
553529460
1272220310
278310482
287936436
69173388
206358390
84483463
43215069
1280514145
64808806
60735147
1278016807
197244007
632092911
55955173
234427734
284156681
341889972
141770795
1268038801
126726219
324113096
55318333
735540794
20882772
50773466
40751601
50028177
426995741
346818448
149973929
153830956
254369401
1063752750
167259944
211224238
103723606
24959371
93000064
388374404
1223044340
199857119
1136910402
67379541
68880324
377776721
97511586
1208091835
134152920
283085575
78697888
34682116
30333779
1182956365
30156827
840786175
155011921
63577261
354062034
389778654
1132587804
1168643641
213885670
1152549775
106064135
38856055
168528127
37336858
1157803015
1040707788
274259919
120510997
39849179
1152062892
115837122
1148061319
102671303
65166763
325824806
1051311230
72304334
406000564
402093317
80714498
66471926
1095341383
34522200
125574684
204379530
443709127
238955246
313490407
55060428
81603922
92376447
259389253
985470234
1112372868
723192277
66571591
168791155
347476312
57779642
59236179
536675424
1097102233
1095200288
221444098
1077222096
312785662
419442908
17119407
1088476867
238702444
199908233
1087231472
65030697
945408396
372314751
14626595
98195832
1074391436
1072520754
1071509203
357856323
1062104354
46577899
34667149
562993237
248470669
221958793
228405501
1055162666
1051058354
443211635
43561880
255607659
1042741892
44172227
203147256
1032292766
822018080
471207320
999598232
95101211
101632108
396972498
276772278
66448285
552643742
1019762563
367452832
10690752
37509465
939332581
120112757
95080392
93885882
46455052
476409321
101868307
542759055
163219258
175606294
379240417
53217496
124754404
43848867
115765365
622275977
217266812
976968162
979295304
271579766
327656886
954359456
54301580
68985983
230358058
900691592
315491661
953683950
317489106
169076905
970496215
968284350
165945981
13974072
103558806
935232500
108640461
845634523
304812701
592048377
307994485
954037333
416915712
56167695
949745430
271670717
950096143
524381099
352576554
941512147
56834031
480561019
945594781
230203623
89060604
908648150
701016230
852038166
932333755
830930222
327311050
303083310
889550635
921107335
920830885
918452838
75178340
91778899
580096517
122658467
92832017
906882145
780376861
124263886
180922644
234935284
764246311
250192200
123979073
900968706
900391908
157094550
74195094
174419989
889988958
85437424
869147870
61048904
599711591
280195163
35898552
67618826
216517469
886729471
703697533
886012663
868573062
886942674
886926204
169976344
876706801
876186770
876034759
875605898
378377084
870122606
35834920
796840362
76197737
831421214
25595670
865281762
595027241
469403465
42229570
57756416
296481597
851143489
343771879
15355071
263141855
57973044
91772956
103976857
842708742
100403190
213087925
103020442
55561602
263625086
831396505
431581864
66429649
128226775
189912436
813707594
823524643
225516614
822078300
567353783
51484245
428950205
124181960
820703508
820040958
221452262
816281358
94197410
95199473
54458143
85239707
79630375
610421491
769602229
794742834
111593899
803345274
801483157
96225123
39769820
798910068
243701875
796559000
68834045
71526222
794534970
390007593
580488211
202330654
102226950
324704933
789437094
787987904
39363337
26100179
526574550
43623686
55256276
782850470
281176579
72532072
71804532
294331315
176664704
778577797
480032847
170331214
617164938
70414895
265657820
71703388
50778668
229494885
148138152
233749605
27435669
231097746
486160292
37291510
67041298
112736705
62902616
326567268
169537971
138556057
241978951
249132848
89537334
158058429
16242431
45456668
195136423
140663919
69462136
214504348
39098539
192701892
197583675
291799996
50830357
56526922
778289468
778300219
290302621
79716662
90766822
778002596
45366277
629848521
17604238
771583813
714283608
67458866
50172355
234000379
751747574
759581503
66432797
62696776
170578817
127390298
59144923
15457924
36809771
62094123
72712040
147718440
56004888
26335535
357086485
48459122
337150541
44413042
143301294
588498149
17523533
619301029
172192920
60224376
707961248
48123473
255713110
766012982
85226889
189023693
632549420
728423857
766559670
628001564
29497403
35243956
337276225
152736208
191104100
59010560
78368557
619709876
190698943
340544592
235144613
212679953
18823485
73026526
227337946
319260752
389007149
703648602
255133722
41878466
36449586
99342503
82233366
155969030
67448764
192739891
48873015
161911428
50316252
132190748
78728891
23978439
39046449
51245698
556321570
165080760
40092740
46456134
197241177
37584388
374303873
74857654
92410030
50823269
45173441
339323968
52038012
332572529
81992919
61909772
56159307
608746248
59364614
77081765
49465127
33790987
285173273
296376444
69428448
249879372
756988117
61795628
600661857
352045613
754951830
86591138
753215232
71519096
184070619
105018026
167375639
378268954
248769493
52261885
241345667
130266275
154982576
14693350
198169327
271213354
11609302
134336049
61328507
243633413
265201854
414428090
176217083
131224315
716584453
744300264
387942289
151330863
270059722
717217454
254517241
737405209
146216726
728483102
734739571
578975723
733727869
272979103
51523664
50565073
732044982
731963664
56851929
168803033
81687859
137678601
731201059
217916276
251741837
110676826
728527274
727759164
151260597
17177982
53573674
280248006
248749666
299306287
636534909
30898657
122238659
336146160
40585178
107318591
210518329
42487048
162562178
285388412
53104570
130658347
68041335
44949575
199881494
37803877
66835084
58336168
52108736
238717807
82993985
51891959
146278266
220195383
62668036
53109237
82718306
36820792
38871766
36125939
183733256
22079371
86971732
326204579
49154513
36163320
158531361
322961748
724975574
536027616
563314538
197550533
722024798
127232846
375941796
212242625
637302332
46643301
350796240
81247331
713059585
59180839
712689906
71397582
47155357
353702660
30496433
113986558
100169673
89487192
124797928
108591933
202333874
80423198
72059718
332288773
634447460
75629385
244491808
613866177
215305002
634841118
225918779
633963892
633819328
632365280
86076959
516074575
132183673
75939015
82625813
70161757
356595884
69066485
83699557
169183890
174841221
626581474
626913414
96605759
612954504
485889176
625117052
624666568
308211759
586685055
17113802
623110009
623032106
306230071
574506115
385430357
188330217
67311085
617931004
617447328
40564899
614666512
169470642
615439402
607475800
361310993
83459049
612877143
30900579
611848093
441159078
237356604
609582965
332857348
25580128
609417600
609137222
227517433
583380345
606247422
474987283
608645150
607581446
608310573
98944110
466438002
81341430
534868040
112442890
119953527
554372038
100079391
200896164
75156162
318153238
382014785
14054601
67927492
231976601
597002904
155284263
142583615
296401945
66003509
594758097
448525344
594107837
503676533
234697130
447277214
30696103
593012765
46569984
477256678
582719257
76439822
60133147
449248698
210257649
53499508
80624779
72525974
241582173
588732300
148022081
587932241
294386378
584039471
550406574
321755839
586731518
58645632
114707067
550540166
584888588
264137862
343571061
72915715
65173624
94903529
48211621
178951857
162780045
582115182
113073219
387257243
73987722
577633936
577346943
498511712
280643087
128632931
56431306
152825236
74000165
22866542
215017884
547147490
126313462
572021273
571257710
570244855
280343296
51711745
540425966
569255688
524517554
430921435
333725700
359134012
189379619
214993977
537671404
207139376
194399979
184971657
71348666
478674930
72415525
543094840
49827804
224737737
31594502
561341747
149232709
64081012
52155563
561217740
66215447
537455045
117204571
217848004
156433303
230206738
32383766
186239292
206455771
64883051
557184684
67379025
360887772
556013434
495654369
555739747
82231082
519926908
155652130
473867919
76702528
555103004
512858061
72157618
191278002
167060118
57361743
65757382
402340178
462400332
51655687
86212920
553249617
32225307
219850524
64465994
207204380
43225561
36511598
229505475
171986629
113075341
207712559
104180147
355633612
188839561
145639105
483115588
63816049
272069676
33961265
69021910
314165199
273442920
277730016
72615546
115653792
36054186
204186423
82102061
99495520
533140595
135583663
43528043
48432647
42217596
51072944
134984344
552815618
25154830
26085712
51293997
55424639
251597884
299319183
235348134
133578594
175549805
315941383
228795125
83247676
75907574
40945160
360126705
32191527
67757205
214279573
98385960
90501499
188868269
552687176
371833087
55154325
156766256
273050989
54425410
59944269
152785169
52600379
53508070
367900655
71333143
132754822
43902126
192373354
58154593
191426257
60632405
68029902
158862812
54321074
286402653
40105127
40717344
111451167
95085278
515914195
552180221
552090732
551999353
58499996
18222882
357490573
15585813
550094396
47675017
51718039
70129941
141371470
301460936
46664021
548098031
282870252
69421906
50114411
413204506
143106435
20535791
281557638
71028479
521526664
78790800
542551640
42078714
510633454
243021734
237841313
217613851
187908060
539648205
65524869
67152107
312807800
428962898
261279588
212436737
539064723
145473535
302161222
55669367
236406526
357993205
534927915
68844714
533065813
108623398
532493612
524919329
441007952
282352173
34261096
55635647
50901559
188153303
472231335
529509470
162723264
277733693
54645103
221838937
86210068
522870137
527411389
47687077
194312406
193839120
522867164
525865836
141668158
270763621
337148537
525410499
520571253
450182617
229887340
113085663
521965142
240525624
59622623
405677899
66844673
443306231
128971367
201138417
517815467
173523897
498213736
142666427
513425353
137804909
509694517
153996129
22158328
58170695
292342238
512199035
313687675
28259919
91214575
36980455
58787097
78745038
241533506
51651555
201806261
47071111
218537622
466599515
500375533
194181464
191575731
292619088
107561987
124602667
225104878
90756364
54445109
79319339
500728388
499884776
22850241
241330733
498221818
200545068
496201211
494030248
51800530
493628315
492696096
335572721
43697215
488000448
12838752
415142448
479039993
324568285
374115290
488766404
488441761
486663681
164390346
380406144
488068591
58930813
90011548
94049586
19545108
221138092
79179013
242365288
486121529
54660383
48174343
35773683
473038590
484738650
419564032
222529679
478782511
482368153
323598420
57231220
481332686
41452865
56774580
481417096
432873665
170355065
313295291
211236506
25324869
181715215
462242606
346360688
478510105
301559661
75395607
102805070
95042817
69040919
301567154
258111998
325593705
197014143
171581271
343569798
318491219
302247774
276699890
154302877
78912150
469930813
222673048
469378379
48038186
380299650
309920600
243356996
158783326
420590487
463841485
449082462
51582294
158084263
389646158
184249081
52875069
385489935
438652536
459802859
449419536
52858041
353430411
404988189
69015049
438934516
293800777
175120607
457743427
92352140
84995018
21492147
191217237
80954447
441954165
392689404
35881669
279147850
290632010
49777029
280502332
380499701
254875663
438328147
425042717
248694666
438342277
128352825
269498059
68668953
447447872
447387789
104509448
330283561
440404101
445562834
444816016
444684279
64590735
443113910
366667578
140586857
47462493
62697802
31029314
276715833
88581778
439192248
177932138
135935099
431997894
35358191
437063147
68719944
422938938
81377053
300331311
43778117
435699046
427057829
52263565
381126224
429835505
316849803
89786927
355671082
282027854
86581076
63973477
425519706
311994119
91123698
65661887
117264703
261950151
324634026
73173302
413700899
396620572
422050694
349921973
409217807
417955428
57977498
398263348
418753071
349645995
345044107
193792440
414797986
25721188
407169818
368539047
418576622
417907587
133955956
417866966
414901543
130813634
248328350
92053951
415750566
322370131
163544613
49861231
53033025
413989211
414318462
327035377
272169191
408898350
397044125
411540740
40994666
411773650
26137738
372472061
49430922
183295276
51542470
324977687
409152556
76313284
119438311
147822000
128325980
22702641
406888049
113484566
385942781
29916289
407026829
403566465
406654594
329857969
382264677
288315866
88066219
31291368
393823017
62804863
99710403
56277141
90887985
70455835
337854686
402761375
108964892
250783433
64113632
156084230
346765843
403059825
169949166
56227883
394855031
402204055
402157497
397196256
391146734
401100506
158722919
400293391
47776730
18035418
387527608
219618559
190905797
57426957
398271876
29776685
381169816
398012237
151635986
394278327
371260793
41760279
264572533
311713866
71254499
214864468
395620599
312083283
362025431
393334433
394322081
302231351
182105988
394214864
197583001
393338218
393137341
393132264
387376434
392339824
167442022
250863773
366260630
144035354
259533053
38182807
47004845
318625845
370972192
289446050
17666537
372583597
388307316
377974338
320502993
62258180
302658837
374778054
237367955
383237437
159555711
95510129
385080522
385011905
274154780
384274306
50675520
196793099
23796901
367824606
383585321
312649839
340786846
370850535
383387995
363055660
383323405
258607387
18240092
382405518
383192112
142437586
46002616
256592896
381556344
374593799
201975561
258826635
364537987
336596220
66400946
129916896
294619298
377834434
34727231
49773961
325972208
335390020
54544904
90236750
270022863
370878692
133781351
60415023
227352602
161414014
127022494
285406152
341827439
376300450
37524980
375760312
69287521
92621742
365533992
375307691
137469940
290939368
191435984
352324378
272223736
68048485
113750615
274287743
33531350
15527838
287714892
56518053
373137155
63101968
220115171
116199094
305324977
154667810
46260349
372960730
366677546
62286905
212301807
356344498
279655166
356468269
290885231
151202192
36729960
55987522
282343318
70167548
71364256
169545672
225584985
69387314
158931599
359515291
300487346
162870814
92388433
283272533
373114005
50042370
109868548
19796491
336763491
35899784
372956184
365753553
372868156
369815092
340697709
372400337
368308266
372030013
199118805
102238890
371396980
216762024
365463927
297977305
243429955
358523345
303851720
370235810
155704159
370198682
42463741
337306672
251665605
183020093
188058722
369515920
51490695
100217939
151645840
351199824
173980583
368575628
55677975
368554563
193421166
368476607
367399944
49231960
365587426
365857899
58481805
219777318
334176113
347566545
306818675
258529231
188757644
365791970
37765502
365626453
365544514
104787431
339035294
37428653
116271666
64785028
69783704
95001488
35231906
244316029
364562909
142056536
197621357
260981424
111937543
274997445
70291629
272967809
208790449
302146529
335450003
363181786
352683713
362662180
308872332
61810246
304553560
222555517
362085208
53176400
51638798
358438789
63296072
357693403
284731365
95967438
72138521
39178382
265697027
68009260
357551447
65067172
275088664
360140965
257600574
305206779
358140004
44778427
358294464
94380344
358452845
358843503
357707913
180997126
322284968
205866967
30740208
358252777
126670041
57512977
55249384
354708299
320387474
37538864
356501515
218450434
356451547
163211496
150495613
352551615
209843336
349393526
181009706
197304540
355584224
355536678
303529355
120789469
282894495
353760057
105209458
310982252
16988337
352729098
35017573
272076138
353601027
353330723
333605471
64864860
60173966
347901575
353192510
278618234
36116145
10635922
80022747
343672257
304029233
113608847
350139153
345567822
349340725
276634326
349799553
107845016
70870039
169707734
135854511
351042467
14802574
51864833
349071449
348829799
336124024
44614797
53096246
162507026
98634642
333385483
315195427
88938271
66714635
348918633
215059076
54958865
166606399
167622908
347982330
204460985
49749590
50512035
62362817
171673911
18687346
331830168
15972581
50773913
64903593
334019847
87778090
139936890
346695171
96381811
64397676
339393687
333672291
59812901
298885156
340331250
56293589
345119394
96366621
345620782
342851528
345207810
67406643
92840411
271600017
336558435
290263798
338461459
84611788
344034742
25632306
32680602
342181011
172612792
341963199
341572622
50389207
343351289
119199274
260475717
54682257
81636341
100284553
342442399
102975155
340665461
78123302
325790987
324103690
319697156
40331487
30487580
147686066
237259971
84162658
227877920
279304357
147065629
117485119
266233239
292282049
61535962
91831498
62638095
303845661
204465739
339026880
166966086
30156189
338522777
93946921
337472242
337896708
284922189
153605451
59885313
180377941
289977545
334164482
140140354
304609113
337367295
307540591
336248694
188378470
160334148
335965809
61689344
54893724
332851135
43572410
146345839
252123931
159335707
335307271
51221651
47712714
109325600
41117741
319183592
329079905
237268664
294635388
333681625
175040097
93104367
94559776
329213934
333405955
124905670
137809583
332531512
57076018
321057423
305439528
140427549
301508231
331796363
311632296
253282665
186211259
15210681
102725897
276034156
187331918
330471642
330775111
112884445
198051397
135700518
319287868
259571564
308156383
58604695
319397846
329219758
323565646
329747367
328081433
280226527
76544062
118478824
327667726
132296979
73122248
267450276
230857187
287869567
327568317
193152636
36488629
175525587
109931474
136446157
43579109
251740756
128944769
63512778
114514435
225963775
49013345
245078396
327022247
45353384
111968194
143869463
50536812
80647264
127656411
64179836
325721544
320947038
169598572
325207048
63532008
17339723
304117972
267835024
263673234
324401352
114082519
314129240
108435593
317444813
97445210
290290942
120198662
321089593
301986428
307615873
321644998
110965798
318852590
146145376
322358237
54617986
82127724
297792687
218105156
255742889
57180255
201863730
43900641
321464921
249745753
95692599
320513774
278665104
172520895
130495485
183000007
70684033
311867251
165813978
209175738
66480919
319284815
70573677
308108906
22487431
315423160
179637129
233045439
319108559
285089011
317993408
319014717
51667934
289454815
61390247
318250149
318080686
110724407
318055971
58345838
59965533
317880289
219480159
176167822
162416825
317521554
86065777
129672860
173649033
256077053
316542442
303985715
249833382
299052237
45833031
271186375
313568585
315377154
257452792
281347183
314667597
314372499
297418589
241088983
313631191
28172588
39860881
313457544
280981225
313408600
173955176
312692376
105320227
167626044
265236537
204355928
54295430
59502644
50809922
189351076
294742343
200164413
312701687
311799760
106229898
221082945
36944816
50480305
51879105
42807226
311288291
310926132
297413680
310499337
49444895
15686219
307542210
310265793
288575859
249856686
309399264
299625700
309446174
197261856
72651206
112159777
280442744
61683116
107566856
246985981
308822512
308804614
65487265
52235293
267379177
308588504
155593035
143094183
241910447
296022793
307024900
308193636
297076825
67692594
234915078
307621995
272926575
307039315
201514051
273426154
212340296
177758981
61644409
305539097
163656144
38574902
274728257
229209826
248695758
195460905
28229781
129141423
135146048
277091149
301816623
280154667
295849930
86719262
261985640
301237835
71240075
87017028
250247692
255107973
303172574
181300571
54711085
229358086
302725613
253784887
79548878
271739506
205769141
103455551
301805198
121276807
171764919
301465195
190451760
301063813
69351912
290674650
41225435
301115730
220009244
300869423
228172756
243237364
166421936
257673478
21320540
300070266
230054059
293687700
83049881
293815341
299318516
89294726
272694073
81471419
133503278
299146373
117197532
38196927
103558812
243205082
292598406
151263994
297800494
106320937
297978616
297938262
297816897
77218610
85393060
165743611
179247786
216013901
294074897
68862166
293266279
131631008
294662407
296407964
202799199
136374849
277616533
58835229
282005726
296030464
280147836
278696708
51762705
117767785
137858130
267493176
116968976
294127210
55028263
48225312
94413806
168127415
263798925
292979271
116710582
294393663
158535135
256259527
58633166
294318044
113937008
26222791
189541239
294116882
293369386
288207502
193791317
266335457
181314905
293245663
163833298
80993425
290124551
289055779
129513776
76411192
288415798
142722843
209269361
292052872
217963901
291302856
21658029
290589871
56279914
289679241
49750614
291103810
290786064
83596798
227788172
61825424
251747167
62129406
283874111
278180069
289934275
114764610
174494034
289469127
269542286
279641022
84165473
101817133
59479298
288266562
34636802
43693571
88952059
20612236
250337512
37253096
153189367
57495683
236487275
238723921
284755803
189322226
284279438
201992496
259047113
84648690
282562848
66860729
33314028
213813445
190894071
17884416
50619140
286863750
213118070
41726626
228833027
286294118
75292209
105216012
285876927
103938103
259076823
82229367
285308912
79839470
259879634
280627980
161698874
277651419
198251988
180874851
211611114
210620109
52883494
141437071
122222567
57105385
272146723
36053737
274198555
283117828
50416278
55129391
143699198
82726936
262437729
276266252
280784250
283530292
181826809
229271949
212057734
108686883
283713234
283578769
171653881
281269561
8773002
283338191
283305754
268345433
217954261
283199825
283091823
267531235
25134579
80161137
281532286
281172888
281692266
213700355
276082814
197518608
279115081
202933388
57640227
62551074
247979747
116034056
282305634
28648376
41224264
53223269
257687949
280651036
282081031
127465224
190241136
90004276
73786637
281658170
51756770
257668336
181726102
278581719
57754470
252281454
281478112
231238131
271214528
281314920
51261329
264609817
73403836
210500803
275281775
55037302
50851094
226637850
240017372
39108795
57043411
258068082
167158145
48413061
70169195
89823563
143131876
93738311
117863176
62931252
101197354
44266176
164897982
67767501
216872059
196465165
281159498
40106372
73494271
126777785
71389488
15013651
146219163
265201611
161503294
40117234
125540476
272403996
9549882
260579805
281114394
268078920
86207596
246793087
281108714
198315082
257075873
173970848
50080798
213668159
210784918
196271112
41940717
247872394
75863288
47691301
37429454
29105642
237931604
153809187
224076370
51854218
237296326
243428361
254222814
90195169
114891367
278240443
231114290
58859179
177399014
164801561
75920523
137206739
135344688
43462940
272677651
69577614
36106595
43553359
266056633
280874481
60615974
280632932
189319707
115543551
230567171
58708907
217116850
132755063
251191316
213880224
274757975
78993135
58061764
280757503
157492583
71051632
54374967
260024281
210489140
237021508
142888610
68830867
274001226
67781143
71124205
51580589
257559369
120145844
275205990
280674679
117177096
35819474
228823622
188138737
116777676
180448318
105454634
166763894
46391097
280724868
40976863
188993528
56251706
209660781
67060554
135680119
248223914
176085434
117531129
69103960
64438007
37047141
160532780
37351160
72432898
61663221
52083045
63181149
46802310
51815249
112843714
273126626
24868307
41260168
42436137
152522544
242582943
234740732
234220089
161651373
255087267
39364769
92305819
105796299
101590119
96636506
33965703
67750738
127661872
177367132
159295285
88776495
280669748
242923077
123986654
181247731
258649465
21195288
36208192
80856430
57748388
39152148
70734761
259938938
188451022
60370407
151675500
123613446
27687432
43884573
75433801
131898220
52771455
256644686
254203263
58994843
184161899
63533471
59686433
222425813
162173500
169694441
65497878
204149485
70427870
183465368
280626096
99780362
158211459
48556263
100228354
56765905
169713092
62581354
111127427
180402673
280622725
185313237
66400978
97544154
56162826
80367543
249916641
280266775
95285733
67589341
80453007
169325585
74711830
62992092
165465743
35853238
80447974
222161219
280592242
68464598
274097933
213408840
280601769
50757046
111910243
59174080
280580160
88910373
238159637
65205635
278576786
57050131
160948487
280582751
89715285
256653188
70566721
49762641
25724204
277336175
100900199
280581626
76497068
272938595
74273512
258827125
166231494
280574810
139791067
184164366
47320759
146114216
172330624
258895152
54389700
128066547
95056778
125350670
171612286
69927810
53557843
40108859
58369778
40913541
199837034
277537478
225121565
41878303
188579279
217488292
16152745
72654917
94673495
45035195
67456690
162189400
39803134
167281911
59541894
42035616
189708658
199880037
108400852
69746079
280548753
86339728
173956475
51506359
280536797
125709865
16299496
54032123
29788489
110472504
32878787
223800085
33976412
126488334
72167105
25074435
193845343
61935487
29209289
178474511
235546597
123965623
60604007
15742536
157783055
266949760
61004267
280494864
163254525
194360053
51307296
209258795
194759155
277544920
159559121
203122763
199411323
106753460
159633172
245192911
155236075
50514847
166716393
280467816
50843119
58110842
64891957
54006546
76653432
233036483
128625713
59176822
161046893
63511702
280436912
275743963
115643939
129674816
245245759
241590416
160411412
168850980
280324055
160374959
71887854
158000099
52256630
44417584
109734471
60567767
35112976
62867061
90760895
278807583
197985354
280319110
273265892
51013669
32166492
275756401
115038179
76431174
236559884
220341802
31254222
46417508
129174118
279477040
39379204
52390562
97299629
56796934
74494128
45197668
48129182
82903904
259067360
62049561
62356974
279796920
172780607
185728322
279877244
40075030
198830596
225405185
147023415
79775633
229121390
86091695
268622673
152102149
280287625
69862657
56009297
37698710
146605863
53122430
100376993
77782606
55916929
191651330
59921189
24599225
105681113
76842815
31607754
119356096
280273819
48565998
90304603
45888200
78699586
77902652
157153360
62949776
43761863
27429399
187660884
177206721
246573519
64286408
49433639
60957425
22394215
168967590
280255077
133780453
73809210
270933382
190786714
280265213
32957853
74623258
34758745
121533151
164781971
94990584
48888621
13296412
272672764
221035278
188319297
237236959
140492548
55226675
178531853
95661658
240024870
123004937
52492379
280253362
231299422
253280765
22903010
47219586
25753326
161300063
212060556
176499599
39108303
93855197
49158435
71860990
45179559
272146437
65959439
143492970
55453445
43408451
122242719
189525774
53203478
52888688
56439833
245961574
62976450
60962397
245626721
9235382
29869717
57997207
227655500
158118772
227783704
205525698
61254541
27139286
59623754
52060909
78741068
280161761
56594801
274224846
155153602
147360794
89729465
149687351
81156524
44258659
161057138
198695690
14836988
192646107
52955120
247494677
46816681
18180369
72210466
57233477
95704690
107215706
231669338
196451100
55137845
77035308
172907999
227331799
57343424
13316862
40061323
76139147
16573603
69870457
133400174
55933607
82768719
88712114
51611685
106532070
28823758
76842522
236409414
245894416
65481435
60156825
255565699
158521409
38095185
93660320
262804573
55408917
55952311
277229492
234060525
92137892
70170514
120318433
62891114
219462023
60098259
55430565
61629727
38938657
189270171
66233556
255278345
50002585
53723705
84190182
42525386
81219658
70759440
66553282
195524647
200201874
69274510
232619687
159491032
267231105
81700259
256618750
183503159
277845839
80687723
75704398
117260189
20061993
18205866
79360699
72968142
84948711
232997278
193105242
116019135
107855622
33499952
279612576
52558216
61632762
46175136
144329742
146108232
263147256
14940031
48858810
159542303
258791408
97555880
59907386
201133745
192234190
74765945
42760323
91185961
278355001
259090627
43349619
72573427
88437735
60289479
34520060
50051014
14841240
45700549
34501642
153082448
55429726
58062304
139219536
51241289
53149559
42921940
54403620
45701723
35406904
172774855
162474383
155993668
82754486
131165329
163694945
197973496
55762089
53727542
197242052
119067023
17234169
206867213
19837071
58846465
92404126
250343860
279246496
279675065
210617559
279340692
53129012
149302786
278264314
79575275
118522482
100297506
64551799
169233307
278023665
278990713
278805820
195020741
36398302
176851332
100513613
73101968
278150157
50159954
278116784
208023351
274145673
278024995
51434920
277609635
276539949
277568350
70800270
170137402
58676465
267564330
272552578
253386563
52956013
36410854
56864872
136697441
67943913
262286389
237378148
227516291
180007618
276175280
262350335
195668392
82388333
74187324
113648551
275852635
222524013
40797219
191289262
245458496
230020295
119064210
122658173
51863325
275041762
266235698
272268464
54604534
274566019
23581694
237043733
77110973
272025082
264268704
104882532
35574238
51345366
173236425
193769524
50006889
52932941
1639571
274021759
199297290
273688315
266862031
270487952
203970632
74362584
41209628
273408513
206162931
272050230
100201674
250575361
65964750
35168530
111154277
115417084
25813136
51260319
191264749
270435693
96396583
272033095
128283772
259926071
113499420
37931866
271721029
142886304
71965770
106513236
71165576
122071625
172869285
109007623
267271013
52186976
247906027
270992776
47430941
263855862
206873843
115534009
270352555
68175348
53075685
270511851
32702001
270597926
39628132
69951809
227097183
177315786
67971750
161946168
191523020
48421313
270067821
46003478
150338946
269927053
188588179
60701644
258953805
265706986
269898075
51150507
80370581
269802657
90420988
41252164
123248948
269522472
39180607
269446116
72595410
240393377
268844714
268842732
267729497
268815947
260044843
65080331
191144875
54242715
22784865
267794984
49510528
267368798
94823037
267491437
80378191
63533622
266975114
266819049
64308224
249261104
115442236
258950348
264144326
61819336
261827801
265561713
254679429
37664552
195795389
185633842
251358590
50521586
171537187
149875517
113652218
264355447
256608966
25593987
170536937
221021372
221196762
264229560
59516875
264234302
53444120
261254679
184269430
227367088
57183265
260353953
197782778
47851105
247003148
262303405
261829703
60118525
68303799
27573976
106195713
10306092
260994022
123669343
64089144
178833938
206641893
151632141
260323976
47977324
242527537
58565485
202453228
234930096
59684594
256688475
90408176
248864318
145331182
238686803
50637873
253791696
98530745
172497092
15984484
255751745
82445270
198119711
20565462
193016862
50188722
156061166
95571220
257602484
78975281
55457065
147666091
181771946
252144206
156051324
228906016
247773358
256026648
256661981
252594789
197657636
106760169
255589214
256028201
217531972
255613538
255623028
46936323
250977008
255537343
60599926
78454251
178238112
254706590
251391407
147681975
41695883
143880607
39254521
162181943
252840409
252491464
17044910
196292834
87914205
74700408
212021930
74842290
92123186
251684129
223434080
245879147
92260194
250876976
80100228
237320944
15975437
211597284
231238093
250110048
236836170
62442089
137079826
249253857
139817345
213715433
120765832
53477330
108125170
131228526
249668358
249628610
249483078
121140979
187699119
101536111
246408031
214341470
16184752
72068641
199138175
56706179
248416689
37826379
26253584
245756326
116599025
152636722
247480126
67016307
209149731
245440336
54372839
246754901
247008998
93728482
83248370
45890496
88833664
246574830
245196169
58528923
246601158
216727439
246578771
246557157
161312078
139554286
239954416
15409349
24899771
241760552
74430458
46666423
242465200
184625190
49479409
245527424
203057534
102867523
244983374
208728237
59675401
137117140
131709392
242175484
113336877
206881729
99753686
51125286
243223389
242934787
125321136
35740852
216690386
60639455
177014977
69984591
71341847
223791729
43198463
25401380
240337642
154678705
241989226
46178829
134658812
199125794
18551462
239997589
179789334
176864796
230316391
240310865
158345633
185859632
239864814
22327205
239913004
61017904
239430199
233742199
205950551
44507472
111448466
94355023
206889043
153887209
234162160
49417765
54619270
198557248
70249372
53274097
234105413
196385998
234388603
218943423
238360052
224213666
19163163
16960127
205499493
217096094
195329781
89713951
66353965
136387951
237808850
52876587
129935820
193958492
60788926
108410988
237364465
237331664
109659807
133963978
129077301
82737608
69164635
33344235
71846796
210517636
78001477
171030175
201535094
236445758
53704943
207782401
134611711
233325437
188017908
70061502
224854045
56467662
58923018
91915950
230941626
217399994
227105224
134575206
84307606
165923981
167863619
234027821
177306256
234056772
182442877
55645620
234321045
68549646
33387836
98173171
87087701
228518505
16980740
59866962
139164060
233556039
158123862
185246846
140195460
233208241
232327212
115799865
228664465
224245118
216734327
60814936
163564492
230882099
60195996
182227637
44110416
174069345
184608630
187476410
165054129
231464108
78890742
45690154
121793373
38668538
231096069
76774055
113689720
56829466
211160355
214684434
196353527
59453103
196343760
152646960
115365748
221033974
156040943
65155728
159650288
49336324
56468505
40743383
209711760
34399865
131879713
115471950
55725856
46935348
29908829
53991351
45150477
191997615
221998584
203300731
46907257
152904587
62644748
78442101
205497404
102514385
105497501
125342952
79290311
94262522
57007099
188954096
217882623
225651344
59290807
45831328
195629491
56455802
225090365
56150262
96164131
225657355
212773905
30702949
217167346
62681249
80410883
79827955
51869565
176260061
188215700
184954053
223921783
53516085
206814730
176480169
223565371
65786014
121290532
177197570
216085779
191924142
209739016
167028804
222634297
58855024
210918030
34993412
55712703
196046098
108476461
147266535
69972088
122437219
155261916
73411040
158072645
111581032
221375994
199146271
61930937
221485058
14977119
63354721
29777628
221120618
215262080
220673501
96069887
220867075
209722358
66001755
109906819
51593773
180603645
168316340
220305962
197599296
199065764
220149418
220130966
47257993
62254709
130751114
149559004
216725144
47964607
140270808
48081221
44748113
135569641
27677739
206291699
213041459
209087592
136832821
162904321
214167128
114277934
189022157
121468403
130569787
211598428
213736027
217740206
60704453
63512322
30297414
28276260
50674253
52033119
67128174
70417762
190851117
76793457
77579748
172933969
37952931
183339095
76315111
216431023
159122423
39371922
183817147
211918772
216924183
161404367
199873900
60478256
142308868
158485909
199126723
55355341
72913958
174743769
35897218
216145142
193390738
65468963
203290690
137466204
51861501
49752313
36792597
14734640
213876188
215496524
198504653
157337125
81723120
184844458
215313866
93047450
95737813
213520483
195470690
209633339
214905921
206910492
97335432
112814755
69905162
214448771
190305397
198492297
208483347
137572593
42689568
212732714
213816671
213771055
106183687
53702629
213509973
211762363
99755763
84466430
55660077
60105131
159478727
62198528
113942598
212770854
212740462
91440688
212669133
50529413
66681094
186648988
60959525
40688701
204896603
211840917
194726398
205723389
211602027
211579160
107429214
142914886
207067586
78087829
175625589
78119389
90994821
73019975
210250082
62068003
87452284
209312587
209205119
209182854
31302661
188092329
16580551
145468809
169274151
163202746
113902705
206361200
204794488
61520824
184785567
207692383
197123669
203080494
15811806
55036111
43229195
206864199
89988202
63716020
96641106
46709348
205974526
206654597
178352698
27426943
203739644
199335240
201406094
63491616
205920482
84439552
36119529
122412972
72353990
70036172
200163156
204869842
198855448
44527692
112471009
65748554
66460638
39684065
200973992
57992964
190071740
61363223
176460109
203728608
185359562
62559576
42918494
48805603
63316631
202344782
138278715
29187827
37455565
34384206
136283147
70515441
164288605
200003571
53081739
54091430
127916036
55817521
56378232
196743335
198679129
200328919
108789410
57866854
201158836
46471110
201094168
200910861
47598528
201012471
112498734
32522879
68779432
38488938
200164225
118375911
130252351
199789501
46555753
164015107
198582505
97290512
175054388
157837151
91027680
82176854
193175989
198877273
170098166
177966679
68587616
107213728
172370082
193320238
195096249
161098298
33515958
198480757
18086682
33048209
198165635
112284808
38686443
123289581
172786888
187643376
194697052
197284536
58692613
120947001
36178160
104156504
110276114
159931789
6500392
196630707
141712855
182519465
38338783
196380413
57027684
63186148
75943257
194714343
68583918
83497724
36671674
71950549
57715273
101337124
94712397
193966797
194759967
127609437
191155876
98695394
58647988
194293936
20983346
151886627
52409092
167407331
35261395
179302772
115526364
55444451
150396207
49825011
52128069
40498548
42447256
74023261
193902662
172487184
56264230
15092637
193814040
88587010
178928367
61060489
48851873
65405446
126177851
167525283
46012697
86286034
106495808
188136948
146324533
25579097
43640693
69701198
143409528
18087559
29989463
182482380
181868109
84618425
29093495
51526519
192977352
190724287
79179628
75375115
165613544
152444411
71000980
192465319
121396802
183976713
179595820
55886829
187806706
52077127
40615183
55664290
22679771
188471261
177210775
188438365
71907062
188088505
160933591
92307576
116055461
29578643
50784254
78623003
138259134
175034291
190723008
80042346
64800595
190725975
64088229
54651835
67463257
129556222
190490345
52247573
50896186
49427899
83004308
101384974
189551150
71042435
188937157
182134881
183265408
32365942
58053896
62704979
33283763
62387745
56612157
179961569
161365638
95886902
169181297
182065447
138790450
188083580
168831970
149126574
166341054
48775917
187611277
150331695
72919899
101554408
187307288
46549152
38664661
155290644
70508230
41114771
83877098
62406143
62909118
179227906
186313952
52397799
163904912
186158197
135153673
111168004
185913414
80905668
45420937
123064785
183600535
160534907
78314937
173231180
182460064
8442172
185496019
135767450
174268267
126343082
77744778
40371666
42761079
40656033
184450509
172851263
184639608
173968771
70680370
169234610
176874184
177763891
37427068
116311678
93266805
182806606
71055364
183822260
183773694
52637010
174930240
92107984
52803162
181959604
43255375
179095460
183201606
86977742
181308385
77878175
172957095
177399514
109549905
159627652
155380869
96255507
102149990
180577379
87525018
159614579
76435790
65949004
22958648
30527233
180467228
35390741
182382350
30914848
174398583
8976662
176527186
120135214
73106956
144622042
81384580
37980754
133165447
53706532
161089940
182055985
58104980
171931472
70263211
24835513
44891268
65471771
59889079
179656460
122773532
105783089
174462759
180840023
180799399
57168385
116059176
115395550
172740051
95318407
148563787
127509176
147263579
180163011
125459731
166646617
179931613
164541286
176195058
166079120
120294125
179688663
166833776
142832079
63281052
176471859
179233057
38445243
142535307
119242340
159598701
147426565
145716329
173971918
16967735
171163075
168917971
178083335
29503152
68194756
78075574
52953391
119123223
56084498
162412509
71864445
66897171
178507857
95234594
144209492
140485170
161075751
78730549
32642319
94390539
62149588
71834395
164403449
145823032
154120623
83642608
58343894
96664021
77232538
41013097
52549375
176477113
176500727
174763510
48620751
55932260
16151642
176195359
70812806
134120445
112192549
125132059
165284355
52421300
148553834
73527559
138256503
57830730
167509174
154234635
162744190
171617156
54540654
127421047
131595549
150887477
130163447
172612723
47766090
76093237
74229686
69614570
174511595
33717372
171485528
79878154
174334927
47341466
164852253
173663662
173686739
173535520
173511953
172488662
48836461
68294409
77096757
65631144
170001677
161407146
63885550
168743666
69054614
111141126
171608592
54248868
171980121
171777237
84637759
169945346
150762394
32743264
74148571
99719592
167446906
165803453
168808190
160303450
42492708
170470247
60702689
144676878
66271606
146305121
66748475
169884424
163995596
164792047
68029510
13815932
165467851
121837459
169212333
169169086
168743667
110462947
60638743
168732894
168645524
131315057
159688695
17952888
168552274
167102257
168306632
21002279
130830251
138089286
55562891
153444436
167074865
81688746
72428926
16583963
81739147
164415288
114227994
72591933
165774201
77864836
163345757
165194760
165048286
108383946
164844474
164752086
164354131
58263088
64530027
163313316
78488762
162432312
157539740
55980342
68193891
162787421
55876301
60083353
91912462
71427267
162280997
161305581
162086924
160708816
159202677
161300567
120494334
86795312
69370459
67156991
161481944
160366193
51571289
78368224
55682799
43547147
99831902
113012341
82960973
160411219
160767893
160755616
153197655
26932840
159616150
94943878
159966354
158857189
158557892
159512875
159454475
158856527
26951613
150264426
87044633
81768450
142687113
108061245
41125754
56273085
158247922
81240281
154271950
18144791
101593246
131684989
157791225
148825063
82979246
25420151
56248774
38103161
90404506
155202330
148951940
37551359
82224965
44175159
156729975
69377741
145438452
133437794
153372988
95684811
154736830
153809815
49435906
70745867
155419853
123461355
33385051
69699156
146267814
151155432
122297676
145673773
148818219
141293919
154342695
56219778
149202124
150871439
43703827
58628463
153652050
56206499
151214086
115676248
145872380
152762675
56241099
146529914
144663943
152433373
43314335
43113215
152055699
51300608
150002208
151644978
151204832
71912222
141287923
136040425
146328178
128995948
56785718
92280011
150047800
147665443
147023217
149318624
53193416
78409220
148754800
136874343
63856227
130952747
148739569
144695733
69175643
143515243
144772794
32645035
148047919
147539307
145765451
75714152
83631318
147695321
53050115
62546732
67124500
145312824
147319563
146724512
53500271
105134992
108637786
146347753
129652400
41856954
125756981
146093054
15411839
145883141
144511572
144706434
55465442
145770260
17798904
128722745
87473026
56704681
145453495
30730888
50194688
125751144
145325085
123296836
144978220
94182952
22157406
145071300
89576524
124901811
121558745
78335545
116832718
60486436
74178782
144319675
144548259
99942107
23510270
87762500
144122645
37345473
55997902
72348820
132032954
54607162
137796766
85473609
68550735
74511585
94301325
39930293
33584275
143412292
143267182
50308828
142946475
97682165
125191171
23565146
65836202
93005073
92376894
17606340
40249365
64434444
142356606
42110435
47690087
71166138
103163786
142305891
83854056
40660220
75343153
142344980
60974821
139586451
94191167
57335288
140183591
54007567
56362791
79164606
49157227
37552887
29535485
142137591
122381359
46579281
60347293
61838303
39091244
142355241
75564937
93745603
51652769
115704070
23794667
76366880
60774812
58351752
57470985
75705280
97875333
67897430
67355366
65185317
99792325
46983352
95115992
43228138
101657320
55970547
65659571
65906603
39558940
29086840
86116706
67639599
120916010
18189743
50023135
130354551
11211942
15024487
51040597
130336277
64099557
42110328
49747831
64096697
35100278
117570463
69921166
32526689
48518715
61370753
61504061
132037567
141081552
57505275
60892101
132179756
128747473
55261081
68487205
37778425
53922675
132981915
27588118
59839496
81618944
46403843
36082171
76241619
39622878
141383908
140846916
35986973
139489509
140995742
44424489
130703763
51144260
140925817
140652097
107462097
33285113
140656488
79053577
107217518
137017642
53391352
35652918
140090337
140013820
139658612
115717925
54918409
138249864
86059880
138858356
54971517
138815054
135356851
54593750
71082843
19510800
46729807
100803845
11645652
38338099
33258425
138127964
71758015
58571651
137938310
137516192
137857516
51187511
95725985
136094265
58025613
72165382
136077741
77233312
135765651
60153161
35600305
88562040
53681044
36155537
133329613
65183520
135306630
136194850
134544273
135925804
51613372
135868942
98888019
135692363
27355189
128193603
56993415
107768566
135257048
127549212
134785246
134638941
134591704
128603111
129332026
133842107
50650042
28430741
87758041
133332300
133035372
132235026
102113844
132992026
78415489
132964791
54898698
132918129
65195971
35510171
85007097
45271950
64461559
111115650
118737439
61867765
93876877
91217355
131169025
106946214
62972538
131614688
132183068
70191996
110751750
92196492
122683018
114595430
131644605
48199514
123801584
119820037
66396250
131174172
50495054
53223026
128074676
130670026
48783757
52462194
93238910
104623591
78129361
50469324
66485580
129915301
73549250
109978894
84724372
128276519
45471390
61083443
111474729
54370518
66197554
79308897
35049461
24990497
128430352
16170036
128044018
60783620
127400269
32199689
52618638
67137891
51497312
59951695
75616382
36150493
62862863
102872749
68742210
19905446
64728553
40049675
41340675
127412736
127384987
127363361
118444636
77885675
127256160
127263471
126031146
126810699
106142101
36154254
66571758
15514035
34303827
70472562
126175358
52524414
69988002
125879481
69904887
37804135
72437211
125498850
73708817
112198667
71380833
103442319
62641648
122720100
125195767
30517785
94158415
64394791
125398514
113030956
121592638
119048863
30675058
85367119
55034163
124781938
102111056
124783271
124180045
53165056
48038747
109621271
119599902
14522991
109666895
43430143
61039337
90685542
61264256
84577200
40700421
30710378
108076550
50361323
123751010
67311184
38565697
123679878
118720784
46585903
38705550
78479861
123555441
97240348
75653088
68191890
100071449
37708886
59272454
113075995
26148512
54065932
48135930
91787037
45739769
123146668
123106458
74865686
69993021
114321848
46895597
51291571
54636805
121511843
72660754
122374199
95329735
49743279
36232633
97674366
77557737
122134691
11476072
63182701
66560676
101270138
77271642
120568684
121816281
102166037
62501561
53056563
37031887
54348277
54259812
53825472
66218007
117564990
68025332
121224202
50034692
39077953
34631163
69605654
44888495
111174047
121231701
102144370
97667840
49974163
46289883
65771837
120871147
38350289
117279164
119085420
64752112
120173291
119360860
119957244
119139953
45997057
119822266
116524991
119762195
117824824
119533976
106468750
119398843
35793764
39320701
39896734
117860283
61758426
119255314
119263477
85480403
96061344
56570147
72751990
115627189
54078514
44391560
118517148
78311038
118471868
65964780
118217847
109319335
74511369
109671662
112742620
27460744
75094930
116916267
43734728
96857035
67776659
56570391
78753136
111399916
15484990
116372568
115530935
116189772
115975812
75353921
115206644
77910157
113614948
115493908
74159913
54088320
94305225
114812433
54576039
88781257
104468862
68001536
39932677
111135437
109336678
39002474
47856755
66571609
14106238
64211036
113173806
69002861
54754708
111399882
66007785
76449598
80557756
79731212
52109553
20275570
56909958
51623497
54443580
58508869
112303803
112257838
111937843
72068532
90027531
87340888
59330733
51758504
22514027
86113103
110994726
83243034
110828093
82351558
111162357
26069372
94092167
111070123
69678081
74010894
63723116
67980081
57401366
55235866
71920855
62901108
110473396
16692447
51589813
110046831
95899002
109829766
109740906
109557416
93968098
95781755
109107140
106203324
52612161
107138322
52108213
29107530
57975496
80965328
108601978
108591894
70376674
106499577
27368164
56140978
91319002
19498492
75456466
63362355
43742870
107506911
73099278
36395850
68841411
106415463
67613328
106701570
71907736
106545552
89853224
106594490
103061655
104265092
106467557
49744588
45257130
83527839
62135654
17231726
103419434
70233136
104457011
105572148
105489743
53477804
87210424
66907731
58031157
85945321
36218422
65478537
52060301
39767494
99503187
104956216
53181173
38418268
76652483
52613994
72930010
101998743
54435563
60229320
94565772
78462958
68522317
102688947
42818206
49037906
60963920
102198212
101837972
25063956
93379845
79906678
69609850
99817175
20987577
95277323
100527121
88451117
99382580
18153043
100008822
99014216
72993715
99238833
43012273
30312303
98945598
97681647
63321210
81686313
84660505
78521991
97735733
70229343
18953518
97480599
97444693
97004232
97353316
14823738
46810461
15989546
70953873
78922066
73715866
15804954
56752613
95263400
53047040
89783670
16830018
96413000
96382836
55152459
68251861
36485994
74172094
65649200
43121441
69002905
34984601
56412962
57625509
68455777
28951253
35409654
41271616
93656158
63522754
55228472
14764908
49003690
39274888
47760754
63698836
47522532
83187384
93904497
39319464
94393121
55110748
70264897
88966302
94510174
25670762
71322612
56216299
27442177
74489676
52618382
94217678
94172095
71677963
93061219
71853930
69299351
87469096
81976833
49487927
93960844
55021816
22652670
60640635
16918876
78002013
20963699
59885822
93775480
52910136
38294068
49728290
67780834
93732156
34360174
31957607
18974520
86145029
91259063
80071492
13525432
38213691
61271878
23246778
55226414
93625882
39074370
63307801
30656816
56177253
45122786
51079278
54410854
19625681
91983420
14447929
28699460
2106711
48167939
93393582
67010857
54397196
92996918
66026648
93122409
18319765
27032309
89833623
92976191
86963410
42653406
38104422
63859456
72710836
56269590
91794425
60713270
91130763
17220084
36037683
36513930
62303206
44704646
47200492
53798290
87534176
56567210
90748662
27865340
54591949
75313650
90920239
90855184
66656955
48480340
90635163
88284446
88310791
22013166
90427984
41857857
61269376
49252139
22146453
79304089
67331204
80144102
59916626
42266907
47950184
28643473
21516944
72195193
38967934
14749408
86550528
83618984
80602217
63399526
55574603
56831391
55261271
73509876
88427624
36349610
85320990
87594775
87355007
17340898
86160731
53434424
87365844
57229009
83937966
78877534
55845021
76844235
55613634
86434824
33777473
86838917
68232537
86781601
86563104
85260150
86457876
85129701
86069525
20220733
56283763
24988068
48065316
86128691
69505841
64405336
67643578
51510606
84869241
15087174
11142372
53130330
29709533
61107735
56393507
78923601
40565921
83061134
84317463
70220465
17964321
77343555
71814293
83602220
83588408
76036334
78073266
36769945
26326906
61079085
55850741
65050715
82079521
24687577
57512807
52159343
26826013
73019754
66278057
66475216
65193084
51476218
13057332
80485056
67752884
50080485
79669397
77019424
78723858
45161941
33514791
46738393
17609028
23201507
66494756
68551395
66429752
76128461
36749406
76355129
76242114
73179565
47092425
73032925
58611913
71961471
34343697
70516534
18056638
17780114
53035840
65210901
64624202
63970241
61256650
21005785
60634758
19514273
52236069
58894594
57944939
55887145
35287937
41288033
54088404
51480017
17606982
51365399
32139772
51357237
17616877
49031983
38970030
48952678
48333927
29001697
20804030
46663300
46582932
44346764
37290303
23158540
25409456
40574326
39171695
18031438
27449990
37811332
35031506
34118062
25682614
35259049
21822738
27850924
16890321
33276633
18233027
31294638
25006733
21320579
14532487
18075140
31202097
23511156
