843283389105000448
59469831
87044633
1083459120580169730
1116125003823681536
326204579
2444609178
424478985
2154008948
301175874
313912123
1114450887521505280
892742228443099136
1047948214974996480
4896630053
45453776
42394831
159522357
535821526
1059483970503696384
120307975
1030231681062588418
239069063
1108886064654139392
116059337
624283053
3980550437
1034889602488840192
1107291981775073280
1099678841755308032
3026080498
1056178651778162688
128625713
2976833651
1014950478705319936
1050885805961617409
847118174680207361
788037310659059717
1103318269870653440
2170656338
1063542608109232130
124474578
1087271189159071744
822199942592729092
1101582093656702985
960533436
1079612686634229760
93999691
247045080
2390026781
716959649518460928
2951933524
26781271
1101159374536486913
1100145907562176512
1100592413805084672
888111820476530688
1074831921262268416
1044232693150609409
1094784342457573376
1057754280436862980
1084132387360030722
959548597338562560
375860635
1098792388137504768
1084441277310078976
4449863541
1096982727889424384
3323013621
1088858551261499393
1096605011017109504
1096221895127715841
295136295
828723772588961793
1006350463120355329
3851874675
927187097076883457
1092768829313351681
981525195956654085
162422433
958862199082151936
60789772
1088847393720885248
334742038
125338551
1092608404860882944
22157406
1080070925452750849
192511824
434938359
206920014
1078595014899437568
186250992
1090837842295734273
993026278335840257
1090406068319072256
1085380566558625794
18786082
150497035
443970294
1078330218853646336
1052542275446865920
1039332919704211456
25670762
75355265
1056087122
1084609591281889280
1047983493559533568
1085067251106177024
79320753
1949989244
388431733
36733456
295375555
68036678
504336872
24766120
1080609400505712645
930431257602818048
329058330
1006259521763897344
819846553821179904
1081219293046599682
1081219426752626688
2874870838
1076062827029385216
2945890732
81384580
1078427889677275136
1075319017735368704
1077567889660669957
1060685539211444226
967810355270385665
1074699290352775168
730241749566820352
888187996549382144
161827575
227571672
1075982988574371840
1477993465
1075446246188429313
1072383166822916096
1073813304676618240
254855921
3324911645
1072505074117734400
981360580937297922
1018265868269211648
824408436418945024
346144608
1069368302240219137
1068995142302998528
1640403109
1025598244724854784
19861863
1067600463523135490
1050223365947047937
471267379
1619215586
250063679
1066814148930166784
992019388218920961
1380041287
807803838749167616
1495520138
350378193
62925486
2793449212
1053331280077709313
109430931
329734001
1064298970267230208
1255313372
1041490353281544192
1014322259857637376
128036271
309837349
2500607867
1061057438835765249
921386309360521218
1062006218615611393
449128307
1059198594815803393
1060734606884958208
359695201
1027749288099688449
68695741
61889567
1053260289775464448
1058108962309111809
866078001993330688
1046715194825744384
1058094737792647169
978719442560528384
57136395
38661434
1045881258033778689
199867021
1044682856612737024
1053907350145376256
875895913734131713
3293592478
3309503139
773243895182483458
1052209648852508674
32511460
1048619594171260930
2569533389
1599445718
1031593417434902530
1004320883610091520
1046202651984240640
52927228
1037004607657058311
1045696812621942784
1047642065964814336
180905417
728483102
1046913462759251970
1009483938975354880
539310974
1027380061618483200
1035273605872009216
1014127312982478848
1031380630767054848
1042584164879556608
925859460672868352
3474956776
138290230
1040240966769278976
331395638
716413043098394624
875867161285337088
1039482088070754305
26328434
1007453402077519878
897259803357192192
1723362612
629575115
861661251658809344
874349682675331073
3931133595
857378187952762881
159643822
999059341922750464
3030638805
1638794005
49841417
33486421
832564082993684482
18144854
166400357
1028996817512554496
939710100855578624
15336316
2873303163
1014856119444037632
1027714813588393985
55291642
170088620
30588112
2936005365
14817691
1009435107172679681
186847405
990382066121498625
404302994
926482337575112704
1022547824666398720
1021604259593371648
1020740516336594944
46481233
1019180348746469376
1021003225267392512
163256961
987803423524491265
1014980788599820288
1019518435590631424
394612625
1015610861652729857
838190841529319427
927422634
67489981
967500903443025920
1017488433441361920
4216844054
333204138
231981020
1010732855494955009
1006136411798589440
1683541866
963153014839062528
75868884
69394127
80637162
1013225400007315457
1326702259
68469131
1009560692595347458
1003998152469467136
726822243804782592
935489885955350528
4215852983
41933427
192640195
1008583756922400773
2164564057
240399957
986338851621830658
1000453198061232128
214134985
1003643451609702403
788170033331572737
3107911353
63362355
129847976
1002651048773906432
1001756792001646592
838550592540803072
937051953862979587
1002360892942618624
922566807252361217
938955247036321792
1002217660338331648
1001936302978281472
3402353943
785250100696190976
992547698606735360
897663223419342848
68002427
219127944
39405495
869702507429318656
76797692
907659297009664001
218173036
556121115
59180839
753950602678329344
2217327304
862446456430526465
2938220811
987043906968834049
989165675695525894
3435703223
731302095324876806
326861427
81205833
978281237239484416
978759138665779201
981336832561598465
956827095426129920
943201816132685824
390175585
67032756
839954408112812032
295834865
972585489919246336
486424276
910285739447013377
832600095682068481
58344407
254686759
1231927884
710947382448492544
4616858062
968114263708590080
868407176989216768
323816619
283114991
975127474962132998
978995892391903232
482925736
3152502814
726965750909571072
974296212290658304
861672026
382109360
974356176522698753
77503302
215484230
964356772570918913
473500511
229242191
895400071843414016
356339311
2300221392
367258186
291244956
1417877792
952697473507655682
106201716
2148022328
54687557
971156619794026503
110780338
824000320527339520
82855095
784349432296931329
1125618199
3390243501
336106882
842936743628357632
901168419860619265
142356396
4869289780
229027832
493208484
46259872
920756238467719168
158066330
608300667
107461551
2834090439
838032719120633856
192288223
1657878318
174811128
772843111949209604
41840593
31208512
956921341004931078
954719640504107008
900777214475677698
211164201
952876983519768577
709845234860105729
714624411794583554
882197191
242133390
949817920879775744
472458708
215848540
948770937758941184
946518032762974213
943912203207565314
816788005574889473
298915983
882258034621370368
69329810
750255879803506688
940355499245080576
64907237
56101244
938369087826288640
57939133
51750402
321311657
1652911405
472954340
2364757591
138151058
23006123
18384234
33045484
45992566
45276593
31197706
927584120393404421
2795090549
66854451
915714655364030465
238817236
824599876558344194
861029760356536321
905577486381182976
44807834
75242720
922247374533201920
316647095
3312713434
775485779934052353
313749806
2688049167
3258241967
359991659
2942151141
1564068278
878408882573455361
910832014802276352
344077711
157480954
900798710946430976
522590739
882645821677854720
431936891
1006650896
892477434200805377
617218529
774359760388915200
104343153
510653560
1334998554
30789946
212411716
897465132271513600
47641660
77548734
56748753
827666611
164739227
771334073797242881
892019802084171782
49650237
376538630
890292522987257857
889848767939317760
57724528
187892842
887168062088253444
721801916825649152
4019847136
874697183731363842
172062176
2305352467
412490682
866497561686921216
2203998888
881258706436075522
2978760825
45703933
880063213718646784
116863156
258099723
157170834
869408303729827840
797476112
871722074527735809
874702239553773569
197062009
830410940
200171280
867850458819383298
586975772
176464640
835901884753903617
827207092100542466
872232101638283264
747491433658060800
773207730869993472
107899150
64411288
448877072
866379218678140931
868178437781032964
860130237031616517
847615276195528704
85790667
845689313799147520
21508880
68480848
858716171453046785
149651529
13375712
861043934872686592
861305692204007425
849282124679184384
209828606
857267860980338690
45839281
2557784187
42880070
775030160001228801
2899693660
855948423153016832
854455160231297026
854426351738269696
357086485
24915429
852230030650478593
850866930932211712
235379870
25318226
337706845
850037029182353409
3051472249
67019085
115204545
4883936037
357741139
4274896463
237830720
2369360078
1016281724
930949550
24320169
325814837
327015325
836721960847560704
62206891
830406259962699777
1108385311
834224187166355458
725480048338296836
827226968806551553
793214866765078528
146538675
759913810148765697
830113410838831104
29202690
240003303
139635927
402872587
1549520798
1261323865
134191669
158094270
822650938284445696
390777803
315377154
57822642
58867218
802984192543952904
2518422162
568247791
148747167
337778785
815624802069266432
816508280390479872
482299154
3895759817
815691308358631426
808869129834864641
117059674
710287171958280192
1531724726
264943124
2718223886
944601193
1200599342
4566753321
793227895191855104
2752672372
64698453
806125959262994432
201051743
114182501
250891900
71835506
3346231487
493714582
791869804651184128
344036392
247008998
798141654385496064
756136932569128960
87038211
205786014
723690042502336512
2558768596
3338145345
63752257
4903156137
25817246
751486387602518016
143243784
390324294
369740558
409301423
2323875848
783332301530890240
4331591903
781646727694745600
2749692322
485218422
742037338356879360
62158757
779047686762860544
382616828
758817232889577473
62391908
778619164449792004
753550380559204353
4911652810
66247026
414937153
394700886
257938294
774711278514438145
2362651830
3119499765
2435656184
203930956
699720734789206017
771795924507062273
62351278
397529418
724249206446280704
253128153
84737549
770626497925222400
124781938
763561429559545856
309862662
1732943810
769671911555133440
769324892567302144
748564422159908865
4876207702
372970975
143183923
753096718837751809
2989943397
37844510
80410883
433597937
741287819130359808
169207708
250309103
747442747074842624
760864117355900928
1455802430
757790453139857409
755573405517176834
4625278996
352824232
756559379281879040
26421454
115569671
754828550256066560
708574770447650816
3020610339
2871630052
466666258
345369256
753304347476389889
83814888
592118453
401487436
536771859
750072496809017344
300023556
270180154
748721540557053952
1587481430
372333680
180517193
4009656749
745743407100854274
746044236336869376
1708416314
745648744016773120
740255980051648512
738908943901200384
67769017
742900507912601601
725161246270566400
3699287602
30988471
69878076
4528045880
43388252
79826043
720221487840497664
2374741062
712844583911223298
3084372899
54230071
3038800894
727865650308321280
220079746
627469515
78663392
49645783
23510270
720813826074140673
2604593101
4258668922
60361300
187873956
2613410185
45059478
112052067
175505313
60371390
29379256
604831529
729785507996143616
184744870
2199035633
378316593
39397660
71356118
54370689
1296124296
345731061
773679667
271163415
2817385538
4279906779
58462007
724600586688184320
1172959730
471235545
803905028
722480038600380418
722115597228777473
89348606
322617466
43902998
3029094838
1631040686
718190306961854464
164670027
126402336
2802482547
713067627342594048
711734240795303936
711325460295192577
708783557423079424
107254445
2803613940
89434735
4451574569
4010647222
3973603163
4826821425
707386778018312192
2845669150
169526497
123880488
4657005101
4849983739
249740426
701933612011274243
289107369
285178374
216375480
702533870714019841
264898677
859804658
848281855
2319444776
3341074203
27538418
4895110275
86434824
109084985
351177797
2879635733
779076110
100808041
3713624301
4577728546
298088756
4825216979
97526102
3400551951
4800849015
4820103190
4448565857
1482807097
3059160226
3996890805
19005496
43140052
4540580417
59778891
3422211976
2190671515
430682286
3787810767
3062120056
82683633
4362801857
2836174799
33476315
281622747
2522908855
4062681653
4004613195
25284121
3948837285
34371680
3882533818
284738954
90619222
141419955
3428597061
2427959178
144622042
3620823076
78497881
2987796130
3389453734
3431679137
388933645
3423874696
3247055552
3410689228
2816165371
1528895179
191157532
2758848611
111134632
753952842
350885874
3294208449
1566228481
327684105
2851134029
246860338
91195534
157055844
3384685703
54591949
2604697555
3170706190
125809360
180083959
3325779370
724906429
288245160
110454809
3361555887
2906558627
269562118
2613383027
3028469183
59210445
121533151
214739723
3341520863
3306436631
1210223534
3317041047
2804460283
3309516827
2833643991
194718482
2986146657
1216757324
3285456610
249220344
19897176
3188968565
3295959628
167241605
3177588231
2281278584
1869930560
2597011843
3257021625
2895234437
1385268708
227802590
3242243109
766125770
254812559
167056012
133041582
65951886
89720736
40485872
630489272
2964104373
466683809
3180739965
1957779775
3179830689
499958499
156274088
154970843
3166057186
3152634491
3154990576
3152347258
498371787
44097155
54532587
3139967949
3135172864
2962687047
69081499
111633268
914692267
216185684
107840088
57753857
1225888154
2844144887
3087224272
93298753
425838281
116075045
3056648037
3066068405
2968795654
60587374
39478732
358136621
2440481612
2459092321
248328350
350319106
80069783
339234834
1675869476
576713717
66747656
118682360
3017646639
71300676
2677770366
132964791
3011152067
3008839204
2980963305
133308760
197670033
2993849718
251720120
2402407243
485018894
2715548521
2603463770
2733125814
76990296
2557391432
944742738
2446122381
69915217
349294919
361897752
2969733221
92695205
53359667
2967181121
83277518
301039985
2868170735
68957569
439972687
1107312493
233251684
716056244
1383420193
58520551
2946257146
113185723
308193729
2879867045
2516430228
2938707171
487995562
58577182
2733455239
2922344273
41702521
2918600638
1498502761
2907226672
67972546
277584626
2571405530
2897351115
104609232
231846590
303290242
1284551148
421504650
240279023
2330794771
2830088613
153891457
2865695740
2864300745
96667994
947859062
79447925
133415058
26130226
331241107
76835180
323982070
321554246
213370605
198037170
2339315897
1859254087
32620176
213384129
138823129
142816323
2599856437
2450111743
319963817
2192423317
2806639835
15874537
2585167946
2802797248
377160533
106707757
2800288012
365810052
279488209
27935109
35484400
75960895
24909149
391004320
2815929103
1705747742
42109069
237278654
1480743541
2768446888
1339421029
186476403
62560324
2794568743
110484691
17589334
2767750766
2300680513
1508678418
163294310
95633037
44925643
581238865
138567457
2734531501
2730556856
89256517
2724804444
40306766
139763456
2715243978
2709185580
2660737830
348590001
2668562899
2683680744
2582876268
190701820
121613430
2596899406
224668455
1918785018
49103342
64228358
37822351
56217531
2214954643
504017525
2472929961
2598805879
2588237183
2339856611
2591543287
82642350
91718687
2621253203
2575263800
1521114194
2244233772
2544636702
221777040
1723366507
331270024
2350231430
103979518
1280368052
404315818
324887769
2519509225
2503112178
2507463691
152445134
426050394
2414685170
2521238775
2424291050
386885988
2475819727
137724798
2375652835
57042705
1092755611
162256773
2507431588
144345257
30293647
607488340
725109614
246454401
275586291
59008497
377378845
157042546
2436485370
240735359
294239922
2435425002
2427670164
2433948835
61030611
2429848722
2424463903
1432712731
184972758
417223408
2419377632
2323669194
2416609705
187342210
404331560
2413409545
41300496
1022544517
42678019
134473724
2227537759
136653444
500433615
2288449932
1281115579
311787160
111723755
235596851
355716316
71827752
104530997
68475998
2307099553
175840274
2341242720
2330928074
113967487
1055491980
303950326
320396628
2310744551
229271029
329065390
2244999594
2317544029
30046879
2300639278
2303412427
262425564
587542453
337931896
2292658266
2291673348
2286089101
2290347397
2287561008
56502222
858631434
619334660
70298284
319292119
247596093
92188062
2269126045
2222194059
2246202233
142696213
2249369149
194237404
225243197
386218548
476331874
365478661
2236715209
296273708
201043133
2203900416
1478871000
2214063961
15923389
2207673781
2208979297
2155614763
258891842
67618498
1017747433
348246907
2192193722
113430831
177698889
572222131
1302042062
130039226
133394503
2162989063
174300450
74194767
1909398085
171215738
1966172227
1967884802
138603835
136640054
1962728636
185758487
1382540792
36502016
60676502
346271044
101309750
84859966
68512398
1951931964
899295511
1950677701
721082178
83009589
1944487694
1939302247
41360263
1936570944
34341053
1864645992
341901173
158377139
1620200582
521587729
73126409
54144626
973819212
26069241
1908379602
214559130
147416904
102342822
1902041737
1898367487
209378596
265575024
1895251400
1679018359
252805212
132421886
1173458586
63774770
84966912
1878021908
45142434
1471121312
31842898
1735725906
14434407
41203660
244628320
1863978913
1739436434
358504455
1603778076
383526263
295385530
518917240
77844330
1849551666
497011648
492452056
85109744
1738123890
1738655545
427960294
47427651
63113472
57638619
1725501534
1158594937
1230197102
16428708
159556073
132020555
104173199
82097042
403796936
531396282
93984082
1554650216
1702443162
111983265
54376418
339437538
19940239
1697263842
137026011
1696701296
1685971080
208525628
284302828
322964572
1687024248
1689032046
32960598
1616012635
1252945850
239610004
114038776
1671425306
15089384
476133740
1240146324
327994292
1210079552
261472149
166184828
1651272642
1627374174
24904937
1641690692
345013251
359057203
1639028983
215682028
322857627
719425291
248458265
74214905
475356153
64816969
1626842462
1228648394
80047430
36054908
610090924
1622920704
334362474
63238067
55228481
271431504
1604850912
168250025
61884191
1545927116
1177646155
1604329856
55581958
1549490742
1600051104
222227178
127542020
50006889
630847723
1439207071
83740965
1407328800
94343262
140151564
45721942
42469315
1556978768
1556423239
973106996
106165957
96465103
71583636
23128095
503660138
409930862
1546853305
905789562
59617974
242766969
34682116
92975763
84738932
1529432852
92753029
62016735
299319183
80435851
838922802
64557516
61543403
396669052
1520303216
1517056357
358538117
59150875
271079437
215687281
1510819794
103875784
371263642
492147864
58583667
234180235
53970576
359606284
408202221
619991096
57435633
143167184
60087156
1437333751
161020661
1457605950
771701407
1432972807
29971974
25365505
18179457
95842948
1441522633
580427390
183844510
112807067
794722602
1305674886
63264895
1426532851
109816367
1415543636
98562008
52041328
116098611
17684200
1397451331
52261885
1043605483
18897424
111593899
55019715
14763124
55547444
33011348
54686765
632019200
1381794098
1378461344
101868307
1377801672
73926127
908732863
1219536006
531293358
43982669
75592278
207165988
445738600
114893876
313435748
336515262
455454952
52905740
72330338
18161343
93052661
322141515
345121005
263141855
1155519679
56213258
75575604
15429732
224292225
230278593
786769074
58643815
1260231463
279265515
713479136
1099668920
79725522
1315152050
213626901
107481419
394433591
102696087
102649775
1302342505
86546749
545651780
379851505
40483393
35562229
46535103
1275383046
68028106
131623703
1272220310
366094604
58573956
379997958
46178829
1273202688
69146145
264137862
18823703
1268038801
52444312
159204351
55977946
612654637
1241363870
116478503
1208339095
1195060704
26639337
222609550
856351460
387257243
73327572
122452399
280436912
1201539542
153503616
387425969
84341753
335629710
108753399
44937806
271589145
384603132
1130721554
250300267
868023270
68880324
377776721
59556556
69913082
534315246
1190872848
562056075
1202964422
1173762624
918826550
757696740
453942940
44871655
542908609
202184971
1183085209
231117627
1164542215
828029250
56933280
567353783
864573602
355481640
1159910042
787104337
720562194
1152062892
280530837
1026588768
61070750
17649036
56763427
1008905695
107250675
82363997
85123311
875605898
107275576
1058320975
98376908
66212845
121441404
69274510
733406653
1128153056
60370833
1118019588
343127306
259389253
382463031
62860087
712650198
291777792
194784896
1095200288
199908233
1089091674
131701415
125574684
945408396
34522200
447277214
974431362
517899938
815413075
278201977
140699469
147791769
1066426783
334076999
42818206
1021328065
607569341
52196414
33283763
126390210
110277929
1048809264
51711745
1042741892
259485336
442424880
1031735059
910583233
822078300
434401069
50428688
1022326645
88907961
616702022
589481483
42528441
307381630
104217097
398713279
225955263
55250475
154695169
750777236
128997445
985202724
286829432
991193490
963170953
952006484
119966178
316117969
81688746
979080985
27505449
65066323
279655166
277085565
53205499
153943404
366856069
966974089
964767565
961514900
772704067
278711680
59944872
946782860
940133286
949745430
86966046
946144562
946681201
75411465
917312252
66585279
944597983
39330504
394442525
128718043
124602667
303083310
161657018
49424567
79736726
889550635
926034463
913325911
921476834
403366002
256126618
82686881
912490321
247480126
112736705
486923234
251391407
764246311
110022352
838919203
414718596
39002474
876706801
870122606
24534850
838995649
856532360
254547235
860080496
626674366
421969003
721067352
845956250
15355071
135363695
54658016
128226775
491352785
820040958
576282937
325282643
715225579
65744968
806996443
540864127
801709747
801483157
67458866
478168638
155085050
430806199
275308085
503744492
782850470
117767785
54458143
242283208
773860122
68861027
280154667
53773377
89662063
571696365
607577572
527704458
53291312
77084954
547215290
713031270
65720093
716320459
733869812
622105972
258513770
613487524
731125694
100225988
542714223
336146160
637302332
714995552
331974382
713059585
42664304
207139376
303597156
108591933
610150637
22916866
636601892
36852466
241564777
635214428
278116784
633819328
281199980
160025051
387739817
295849930
227741388
626913414
212185339
625117052
313559449
623110009
621926029
262753511
202798596
282067253
219684343
171477741
218532479
63868088
267531235
82074947
610585846
79178375
604052515
173915121
207237906
245030503
213905766
71318319
405881779
80572165
252117284
122071625
343114141
223342364
595502968
91170249
48799494
594012933
29095910
210257649
551352999
579136341
426061750
142470580
468294258
354592968
587828054
587626193
587535334
586820978
586731518
58645632
35077422
583103399
109353369
582115182
292972651
556155236
577386459
406314791
574413869
549403565
574184526
325892594
444789719
76626726
569280602
342941808
487355208
519734959
528952094
563343423
563275239
509593580
287869567
561341747
362683668
410055366
66494756
317814752
15029327
555739747
31403530
512858061
216015982
489905187
212011982
229505475
552925367
188850238
251597884
552425441
548791060
361258767
315494148
71000616
547718290
113181361
130588265
319284815
17044910
441007952
318359619
539575586
44407035
154141308
55669367
85306766
537234441
538390654
31109726
246320404
532385694
482392009
533591189
282352173
399745763
529697617
521532274
528832066
66415935
473038590
45059359
35261395
405677899
38724914
64516878
198119711
63522754
519499552
179199545
498151829
328291957
75653088
515023413
304453368
515382755
22158328
9841232
158530769
510229356
263863861
506790283
338598927
475774112
427422021
487697345
14995078
51260319
498221818
472114902
281658170
118543879
296401945
460288362
109337521
492696096
64090242
491405904
111449785
87228295
488441761
486663681
233193187
486708764
19332758
484738650
186687862
483248617
388978863
481332686
260920790
480594949
384025031
386039570
434545977
252291883
475897840
187678450
475267247
408898350
233486302
314704536
265962203
86550528
293764434
411903409
103424806
468892943
100008327
187635382
461272704
466687023
317540531
458277322
458263868
64316363
54296746
116161077
457908625
453046061
26326906
462457336
446450230
132297131
419885642
452743591
71870564
453923278
455105284
216734327
446669384
418753071
324787313
276009918
392689404
85448918
28351730
61305014
397509339
168165866
323787483
446250266
330283561
431948598
135144079
242428413
276715833
375713956
258909371
325564037
435058346
434526542
361621051
94614145
432897659
176852343
432418702
71814293
254724902
429835505
64586850
429048428
145234738
425854176
251629465
426171356
335353519
404403777
419723202
419973106
55434348
414797986
133955956
417967039
118827420
417475782
379240417
217615008
352019973
80338350
378864022
343418776
411630621
238707939
379248318
17322933
211493453
24720498
370872115
404932996
65980580
385942781
389229294
406304322
69973470
398125728
179190775
402761375
17904350
143863013
402204055
380499701
386839418
401100506
353601027
40061323
162170003
174674142
142773659
375699411
398679958
381169816
397454680
396960125
113519894
395783567
393027152
393334433
35845315
394214864
35478435
384274306
183201606
393087615
151151460
366260630
15474524
46721433
382264677
33276633
171182976
179908781
383237437
302658837
374778054
218221728
109336708
358438789
76405734
32467420
380710611
261015253
160263133
150746744
50675520
57079158
358126571
383323405
334664858
382405518
60745358
381556344
380359470
195184754
249885036
116176298
259858922
297621886
373359257
62508559
376384804
271579766
328071383
351182352
165478944
375215855
52925839
24692081
97235350
374590368
58013606
352480762
374147757
373933258
371858441
362013571
373086021
62587490
368388186
57462681
164131881
21934646
371396980
295811991
62917179
297977305
133901112
166168686
264783648
244705175
74489676
357090515
368554563
308666320
47468103
367930520
367742300
352519795
367244405
143869463
356468269
67799090
52514654
215262080
365544514
34948942
34343289
346723361
289679241
362246635
29086840
361484637
358130884
163211496
258985537
343498937
358843503
357707913
180997126
65539591
358252777
203157838
343078458
170149566
44243787
200261646
356451547
354590474
143542400
353666401
353760057
57726358
311615878
353893053
208782146
291547605
138112413
50462172
242956320
343672257
334660558
321951599
162109833
48570908
349755240
349175051
341731184
241654460
54958865
331830168
346951252
315156811
96381811
198830633
49479409
345620782
272033095
290263798
270536796
260475717
183355635
330484893
72992848
342442399
256949590
302052278
116251625
118512111
166966086
325593705
234947856
284643612
330978247
304609113
307540591
303292288
336937962
115247337
331774859
101998743
49410190
183799330
94559776
70118481
58345838
137809583
327055602
332531512
266624384
330471642
330111140
184974262
329213934
328773545
222673048
186520855
45353384
327709716
15457924
326868761
165652241
239803017
325845279
153840361
322972621
221021372
304117972
324659639
292715466
271596480
190299226
279203240
138424204
318729810
82699125
221191865
156273772
39909676
130495485
183000007
59021883
319390699
245916270
319213059
179637129
66681094
319014717
129672860
81519009
313029083
99534530
131010601
107789946
180840023
294395813
50058727
190358354
281792642
313631191
39860881
175525285
313308430
139489509
64548773
47219586
296434525
152084852
201269381
217452671
62174863
65754670
18352985
229503745
57470826
309399264
88328114
40718313
289055779
146978102
277476759
308133404
179247786
22327205
59675401
113169962
144854348
66560676
305353344
288492986
87914205
46441066
302845584
302872467
133904274
160952921
65447036
90760895
301721748
54634854
80136523
200231522
122527945
300070266
284755803
131709170
40108859
243205082
276082814
298275923
66657091
293266279
194764189
281271254
259388069
116599025
294127210
182476827
292979271
111684267
294116882
239015510
293759460
124075226
219324570
102113621
62696776
15137686
285158110
145312824
290832097
289469127
278805820
289454815
190715682
61636562
288776059
288573790
288347814
81633713
286863750
165589694
120772257
285918620
186248228
213813445
206467886
203510976
281801312
284201635
281822795
180874851
41173895
68708357
183759930
108686883
61868723
68175348
20846485
205950551
282081031
190241136
280273819
229671781
210251641
280648956
281108714
54784712
188560306
280688788
53761246
255342620
86091695
280271819
280255077
280265213
254207733
279675065
279167584
226967651
221760747
278150157
68538639
278023665
239353190
76484505
277609635
275328490
62503940
35286891
276563174
76653432
255000735
26222791
274566019
255931986
255333321
243496624
166984143
272050230
62260406
115730871
67663628
217829273
25813136
264944601
177259354
36410854
268979568
71165576
224328618
270597926
236940258
181652124
144310750
53944318
83134303
268899349
268815947
251849684
191144875
225565043
72573427
239982104
63326640
50005468
161351687
234399440
145071300
67031931
249661976
227367088
86563104
247450752
213135149
157672065
162787421
49750614
252275538
66353965
168190743
69032696
93960722
259022534
78963724
260381055
123987899
257410445
254706590
79774071
65470190
257159277
239541728
50188722
79001271
142687113
17798904
256571041
93380989
237844396
15412588
255608895
156061166
255613538
109659807
253335603
237903476
103123967
10568942
240737190
253049989
228730040
76366880
55283414
196292834
51333437
212021930
209660781
207137646
65923861
90004276
125476039
229700620
123106458
189440045
65042627
44988838
177674782
28161783
138268518
27442177
197645427
14050289
64108591
241760552
150350029
247406975
213119471
37540130
246461258
245136870
131502300
245486438
151319815
243227546
101554408
57662247
72937175
185339011
244337223
243855272
121802978
36119529
243223389
35740852
33344235
141003988
241384975
224374585
144236523
51135808
99772807
66795643
78712371
163920112
216447560
16960127
126311087
233925795
237803505
238186733
149111110
80545021
36830834
15340686
48789672
221498230
115572938
24698937
75616382
217399994
70769321
139164060
232419701
151975744
226724833
227176832
135832727
158123862
53055330
233207915
114065923
34930403
32685159
174069345
68617850
67304218
15147523
26109412
228881195
225974062
89084787
215621258
223903675
87037314
202757768
59909189
126474200
75926673
60904924
51906015
14762447
188897695
50289124
60195922
96164131
225651344
56379011
48721008
46709348
93396686
85121198
184954053
206814730
221962377
39990331
177197570
77579748
222505356
194831035
222820745
121265714
210151763
134244581
221911459
96069887
220282415
15456497
165613544
218329319
144511572
202782309
218833919
218255778
146978851
203107226
28651216
215125590
92273706
76697344
171495213
199126723
183860889
196972098
214987346
60774812
80534459
72751990
80611294
14156980
203209540
54852647
162273007
56800958
195470690
88298372
43341370
193311053
202213223
40688701
81695273
204896603
38668538
211185627
207362579
39919131
206291699
36395850
155593035
147023217
188215700
204291215
125773915
59111982
76923965
141637200
95534596
206361200
73949774
46749743
36513930
15811806
138805445
41231009
192715727
199516975
171030175
112471009
202828057
196756447
191879156
68856430
29187827
194726398
55817521
93953841
56167695
164899321
180489329
176056511
39633946
141721455
80354067
197113273
130252351
19374818
166369023
199829907
164332220
159460458
193175989
132146763
195096249
71082843
40222990
197298581
60423247
180011089
161867441
75103307
120947001
197076236
196673426
183241379
90267827
80377443
53943223
87758041
159127294
178053508
50553669
193902662
77849173
47208502
53228207
164415288
75643705
134318688
193339597
192286826
192252543
18233027
54902776
171187567
185607795
82235188
175833140
67824012
190723008
163072669
64800595
53986478
49369841
189176645
138888856
92271722
176207716
186627828
82613664
168645714
122437219
20603466
48197479
69487741
176013859
58656634
159520586
187611277
176471859
47341466
187307288
71961471
36013841
184551492
34126030
186876778
42658081
157334747
29625668
186053698
131018264
54572939
61585135
176229761
183378774
79209393
157316783
169162001
148438070
87057074
61826503
183498607
122823653
120138461
181959604
73106956
66341105
64785468
74145658
17712649
83453608
181684245
28209380
135709489
66777135
166646617
143077152
38655880
179233057
53386096
171163075
60638743
78393793
178866504
104561339
122398804
174004911
62546732
124219366
17816684
107466454
101382827
92107984
174873294
57035330
174883943
136353606
126935431
126488334
174763510
102572925
55669925
16210428
23080967
162777035
53977175
115048269
57464811
172612723
110391497
74229686
152762675
172184228
103174118
62266437
79460318
172870406
167154517
69054614
111141126
154268178
169650053
119745188
132864723
56166061
42492708
42960026
161252351
165986724
164792047
53047580
17111066
168494443
159688695
53723397
168552274
14791683
167800626
86775164
139546435
157772238
167495396
107231959
45906101
59533879
165481224
48229516
25350175
72591933
165865173
49683511
50121625
162722614
163741831
128283772
163391015
163313316
54660383
162723264
146851039
162280997
82890100
109017926
160532780
59856731
80033123
70745867
51853346
159542431
81700024
28196927
160203950
42333339
77280926
81931497
57482752
129006063
44682191
159658017
49707065
78065618
93856742
132213413
151080653
79467143
79453185
48817369
158712204
154618308
35401616
157801531
158059716
150762718
55665675
51618427
82224965
145107368
156117192
63473928
49435906
17616877
147693554
154308984
150382648
144954564
37663526
115455517
152080002
145872380
153026687
144830106
146529914
151689119
57177725
151687070
126724041
51523428
150658206
52792555
146267814
77636626
107131491
53497498
57452283
148585534
78387324
145765451
139818120
100070787
145811646
124248504
41856954
134310821
145796526
145296633
56704681
145341490
137355288
99942107
87762500
139102545
61838303
61844409
39930293
143412292
143270215
127263471
142909565
93170092
102398854
142546530
61765440
72127653
141308820
140812426
126793724
120425772
140090337
72165382
126813176
109344165
124203308
54535883
136039833
36656713
115975812
108683445
136364617
136093683
74301287
136063047
133013107
135157419
135668274
133332300
132208375
116189772
132981915
134132381
69127894
130028650
102671303
26272728
133842107
14368492
67227951
28629200
110697272
132992026
20307574
93876877
62972538
132183068
52060301
122683018
129304564
131174172
102681753
130245788
126860372
120951818
14532487
128276519
46263918
45471390
110558550
61607090
128403170
71596444
16906060
18320693
106900106
48020023
117472658
126177633
127384987
71651826
16754526
37345473
18294171
53477804
72278518
124507043
124571437
124180045
18165094
111368973
123801949
47489858
55328959
36521965
96396583
47679753
41108109
114595430
122037965
115627189
98990624
121816281
121716023
119354008
79300339
44888495
72844448
88692327
60424207
77037172
28335075
59164589
119957244
119762195
49455682
51454369
69688394
117824824
90166020
78311038
56570391
51072160
111399916
59788310
115218053
116272595
55118510
45831328
57975496
49436832
115206644
113181292
94305225
64372917
95312396
109021120
83205739
18086682
105256829
111897768
53758048
107524715
91319002
28496320
106468008
102368503
15063416
71920855
102166766
108988289
102035488
49678278
109636414
65763874
95781755
30367541
63478784
107848271
108994036
86235866
106499577
56301347
27368164
19731073
64892570
103020442
108028454
16970348
45676408
55562891
106701570
34889351
106578168
103061655
102521992
100801262
40240408
58273709
105489743
67799699
53181173
52613994
51300807
97956063
40621013
68765349
41053434
82803032
25834107
73977118
46297382
26245792
22084129
56216116
26839426
100040472
83243034
84274309
99931626
99033835
99014216
80905668
81766657
62614692
34212891
97444693
59757435
53047040
54214732
97296334
74298117
32875643
96684789
45405389
87473597
57715273
94510174
94135723
94074316
49252139
93960844
35863029
93775480
39274888
63307801
91983420
67010857
49410299
92976191
36051754
42676451
67803712
92243958
92323759
91130763
21822738
15777936
44704646
47200492
91868077
52937946
25342760
83844589
84724372
62292182
58821383
56379329
90668973
90408176
72875471
90148003
62268657
38733808
51174937
53699785
40729283
88826517
80602217
56441530
54088404
70054309
70235435
84713414
85947182
34642785
86160731
79017970
27712372
87334861
26136926
74191615
86652701
64164847
85260150
15214353
44757867
25202115
86046954
29709533
85635021
60355174
57229009
85391790
55264605
45456850
58582807
84480664
39063127
17606982
83588408
66184095
52824372
63824511
19158921
34293698
74335069
51365399
68178183
72131919
72399598
43248049
64231491
78768907
79318321
37075187
45136148
77019424
78723858
79276456
33514791
37849695
20945107
50676111
34597984
62122748
68251861
40258962
64403323
78385733
59781120
20987577
65727416
76524546
18116322
42807452
16542082
17680460
64768603
53115759
34233034
69341061
21682483
23164610
58360814
18991014
53260082
71801117
68853691
73356857
69734095
23483794
71962951
72574179
21681319
65733166
72366051
56152442
64528060
46117330
69738732
49618650
71055432
23618425
70812944
60118281
70153803
34458660
69716726
16670748
53501658
556013434
