1030643969179480064
115711577
1040824652917104640
1049061320719585281
630706034
2629796998
794239477573185536
2247208583
2707161517
356198567
1085499991265894400
2971970315
963153014839062528
1073219252310691840
1067909048606105601
1067003292801216513
849447299306663936
240024512
1048749175821807616
2848894731
227469016
160074941
3409663157
2264556241
4861954197
729123207433834497
62610287
1062069688484745216
703244631
752997911143874564
536679446
1039522388465995776
2875645209
100375560
4012538716
2468520874
700025816
3342166228
757061589946212352
375280823
3030574683
1015283299609206784
1021179954481061890
1013565241941217281
1007222007438757888
515967163
59928707
1219326000
768191997563793409
1393659230
52172320
981223704771334146
92101032
987025691395936257
3980550437
1510980120
2331067434
4053181397
830946650055180288
2181411603
363372100
150424890
779684240107704320
892807195343114240
879894485060157444
2469769251
181622363
929266155910565888
238721376
182460585
814598750685589505
1567137194
911080422485803008
39815044
414937153
2956558233
111960896
358504455
2834224456
898647039134896129
872982709769048064
1360586040
166254488
897524323606560768
895389642031333376
68964365
2612616469
933423055
790620464620118016
3065988455
869535502638227456
2495249321
2875799746
3141432591
337338027
227308892
160304281
2567861935
787341465106219008
219005086
80902692
198210011
3333376359
2551643423
113910064
84920167
4020389307
744978262875607040
75907574
499309617
3293181221
115691598
127665772
43163667
489514958
94372165
806954456478810113
795437734764613632
122972309
328146437
793635438133178368
247755481
763561429559545856
2263230955
707281994
720705612426977280
136450820
78659547
715673056107167744
62892922
3258413021
233314298
2402240737
3193074809
2906547171
4360131742
59306238
4261895535
4235912759
242809485
2669421122
287415864
260344985
74225965
72320857
3583685895
3386048349
2835634341
3361555887
72338778
133932812
83648764
64541137
55547444
188053783
3150492679
106536900
3294006826
1859169073
3295167503
78479861
3198703550
193869467
2981446305
69392972
59944269
2714664154
136784979
62911877
3214715447
944468324
98473163
66007469
71051632
160962188
30669127
94126907
281124208
51055760
411617523
124985645
229905498
109986694
3184785815
2844524711
324704933
176556287
94555245
220013891
53702629
939332581
86972630
184972758
82535639
220909020
217848004
109663391
44944951
55561602
250426689
69133669
57113013
83588408
52448575
