1089694047571185665
1092140214531866625
1085499991265894400
161827575
22809788
1058057403546120193
928637678433853440
3294160992
190738420
3409663157
906162828784087040
1020740516336594944
963153014839062528
922566807252361217
3225367156
995807022166740992
200951045
975127474962132998
969775186840047616
30767371
930102413704523777
630456046
936587313689350144
1931629472
927229915740753921
888878161928310784
771348429641506816
60561336
203986798
896241519451136000
895801902927138816
336830974
842394492552531969
861598098598100993
162563393
728312701383024640
414937153
772088382939889664
775030160001228801
855238074615422977
63183991
852875989231304704
1423264332
842941670983417857
204126147
1408988834
4198278754
736329803956166656
4856944865
368512309
75673657
808503810310160384
817768912213438464
147298642
491433706
744914545496428548
3360121294
2948550143
1112431759
222752690
27627562
111960896
4163650342
774450371964141568
218346227
109107882
120625176
289076814
752997911143874564
3066068405
740297395783622656
714432274071158789
4159586831
738176636156280832
569395636
733133535670882304
734558911920001028
4002679523
185456535
727281736263045121
720948336069603329
89780582
2263230955
1282225334
2521178107
2814049525
717803719132319744
717018151578378241
489465525
711989587191549955
233314298
152456769
3733552877
167844793
700406527191027713
181628862
2377025797
3296396413
370818909
4836689501
4823917151
4776312827
106536900
1974664838
328479073
157122507
97048113
196796502
103143384
4261895535
53174171
57042705
2669421122
166254488
4046513841
3411355347
195790966
61015486
92076195
3913436560
2835685093
3846694821
52570939
2280997056
129614857
3604443315
3439635923
272951267
59642429
62892922
188053783
3432926139
3422761642
227487968
89041779
3294208449
3386048349
3382026611
3355435845
83009589
3272733925
3361555887
156966044
52266804
2675304084
152072870
3313354144
3150492679
278066493
112344318
3305992720
2578366366
2155848638
51055760
3214715447
3198703550
3258413021
77214506
290568088
142835647
3234467957
109663391
160646915
2165679541
1319168226
2914190645
3167111213
3137652623
3153654046
3149928495
2844524711
135428761
273120064
3129477892
3120281159
52448575
70809652
3100110047
281124208
3071226765
193869467
14850378
3032894663
65470739
2935857081
2925848194
46227425
2918600638
39815044
2889692185
2853372357
99934929
2851638622
1372501314
291391465
2790298482
2835634341
66007469
94126907
2825392268
436906101
591375359
69392972
282832992
64038159
71051632
2714664154
86972630
1329887214
339067846
2596982858
52520086
46410492
55870495
2418079028
326122950
499917313
587706840
30704491
69157074
217848004
224498926
1948227931
42306003
184070619
1543420826
21825301
162195278
25682599
38668132
30130356
49462014
161041977
59195493
56159307
184972758
78754750
2387497416
37428653
79052850
2273413542
70129941
2242833906
47004845
136784979
1390833306
804876722
1697684365
221777040
19380465
2163492709
1899209172
1962728636
548490808
154678236
64019242
36155537
35029700
737381834
280326400
1224704714
280494864
231238093
1589340188
65959439
76714776
377430699
426010785
1496025800
192211615
188083172
1450293386
197596878
66503233
41379282
228503385
105853421
15271196
68522317
55547444
120161878
47462493
409267749
781534376
1132881206
97104376
608081513
277085565
28259919
630722475
873699991
1206448410
1154864672
265236537
330471642
283511144
221545679
1063409226
1057239980
401445478
934998168
82754486
38488938
236297569
889550635
939332581
437851758
280436912
702741498
41920385
33578424
141343608
42938110
598430291
428269877
18135765
14338603
825825811
98385960
762028423
743679037
191924142
99273278
329694870
580501724
279848043
36836217
66681094
31594502
147610025
36820792
29485208
187733930
277454648
549201260
103020442
38523696
104265092
66494756
554414539
22158328
549719738
539558707
175210244
47831016
21515976
78700373
534841169
534547897
284530832
284523587
405076511
399421757
405677899
24610314
517895507
510063819
500375533
500913313
51758504
487419444
487199257
36478257
156420799
368597416
307552067
428783345
439701430
195352931
197017489
158436179
116189772
71814293
14493486
236487275
56477174
410941609
411540740
399592933
393823017
21119196
75433801
388395188
388456979
385669143
382405518
37931866
88581778
370850535
383323405
87914205
348546620
145071300
112192549
84760598
128462061
310433926
349424413
363979505
332857348
332389800
358438789
240819477
43462940
345734616
338461459
42525386
211840917
343013776
338409452
333521092
268599383
330505658
320990245
326150692
324733894
216141784
309759421
268842916
314246895
312683552
144511572
252339350
169904187
90855184
234947073
263964557
192946488
39322951
70953317
221463333
258607387
289469127
59675401
183161229
39911948
123344402
214182304
40380200
280273819
206920711
256644686
280617531
247480126
34505935
262226907
72654917
149202124
58937281
26053837
31590528
206685250
77557737
223565371
91185961
271214528
71758015
70521532
260923713
260377859
267368798
249261104
250153718
93728482
61004267
29031291
126380493
219408677
252998157
254021263
250829319
240374370
134916609
225003467
14065204
212284823
40574092
244983374
178724792
244249232
31291368
227793799
234776520
74190741
65013318
239483880
182442877
40714480
37598337
120494334
233173733
57229009
181905967
78644281
224213666
226971146
226118937
195465474
81591205
90785835
51500269
188215700
224886273
67690894
59951695
223921783
223339986
140270808
161496764
221233434
220793112
217508345
97667840
28810044
189965577
106941567
199873900
39199426
154678705
209788155
47257993
188089420
162592858
81723120
113336877
209182854
177399014
40331487
35064734
53702629
46302714
166646617
57815899
36119529
205405452
200124894
158779406
132964791
158078026
201138417
72706995
203728608
48805603
78735143
15938683
123916738
199709978
170910515
40290988
65471771
80125853
65681186
191155876
23217126
63180306
115122224
166268138
141933816
15471786
176993274
184204250
183822260
166079120
52549375
183279785
42110328
150777870
30938479
154282043
179979920
172481051
63281052
179297756
150085105
79619633
83260301
32642319
53047040
26793945
32743264
77335963
176195058
111093417
131631008
27355189
146549381
173663662
164015107
77033585
140581673
40656033
146305121
52227636
165893474
60195996
42973648
73446100
151619062
30517785
135313923
147319563
67004382
50321708
65740551
54007567
143537459
44687629
14977119
142946475
49747831
142360559
22499606
54351801
127616038
75149319
123801584
129837224
113140154
53846790
45454808
125384649
124260985
48576140
97240348
15989546
117824824
119063078
63001693
119139953
74511369
47327918
115206644
42877092
111738456
110587676
52292980
18447307
106717700
87110487
42110435
43113215
17606982
89046120
28430741
93775480
67010857
49743279
63023105
90753944
48620751
28643473
86950262
25994811
60379128
14576643
83528935
83588408
56832868
83374466
55021816
16410008
27032309
57341197
47879708
23794667
20804030
18233027
40078967
30696103
61256650
79513979
32507216
15740471
54020346
38572599
50051014
40310197
39074370
73467873
78342244
56518053
27449990
23309850
68025332
68830867
73312603
22013884
40717344
30678859
23162656
59391440
37345473
50778668
78479861
47142679
54106153
52221829
29642571
48836461
