985154707013472256
206771752
1008329096206651392
263242035
970091132209287168
3298599162
2263230955
720045568
957325447230050304
892927133600944128
911381908885577728
2241731184
1030231681062588418
4153068135
774924042
732699085912875008
339783630
1022982458998964224
2890248035
3094195031
2595478933
125977081
1106956528488271874
3051481454
1106222867128168454
1112532137356464128
751824962541981696
1112099191344545792
4570313525
1046889282810630145
3381576987
1976781020
151842973
3074195653
1039599810570018816
892510970916032512
3295230021
1056652550932443137
167602123
758846419205623808
912782644563365889
1100610037058338816
701560994712178695
838446349859360768
316631046
3214928789
1059483970503696384
3396473657
804402349825466373
4340638043
1096062848181194752
758795817561882624
1104076903063977985
1104088353568419841
822199942592729092
4217200205
1102382219463659520
431936891
1060558644071333888
703022523257102337
1098625426728120321
1099812837239738370
1098777704197967872
114509998
334742038
258589914
825924853534486529
3395864067
153858887
1081370457272713218
499822146
345503180
377887237
1094331854981873665
1064271840158326784
3529757896
2868918449
354990677
1091523870333566976
3373259607
80637162
2919939490
471935033
896271909138124800
897259803357192192
1069705572545634304
2800541310
1089231346759860224
2966126752
759129154658983938
1037848960008953858
1022664028533997568
979164557120811008
353962958
1018559405627985920
521500597
2413409545
882138874780282880
837317377746419712
1083412172456243200
4481134695
336230415
1082310468839137281
290882161
238721376
789797118726795264
1080863112180482050
3095775905
1078454425277083648
209828606
1078432826368905216
1009630437969399809
4016291661
720299486300377089
222941156
4878808035
1058324441904623616
4750667843
1071400812545540097
3185215437
1052608530069385217
178562115
794239477573185536
846482901424332801
3137196607
349070972
824436445020614657
301487712
2416420741
1038945294623363072
1128294980
2352848819
269347695
726913065585901569
3188486175
2611803841
4791560612
2763640847
235379870
1660345440
976473134416134145
2946925024
141388649
480452259
896786591661924352
979696485179805697
1053124966005309446
724290070493044736
3053501723
3245857773
1065008308443144193
1064991508472975365
1539880494
869213385111609344
799293272132845569
1017576263110877184
926290872790147072
1034149061987889152
203344860
85194915
927422634
1061070815024812032
227505957
765231686145769473
1024733923
802326691121168384
1005496610460192768
4175852927
563292636
303303333
829785470347390976
2566233779
851134322518220801
1048304019683336193
4719186287
790257787586670592
258460948
3529600876
718825457047769088
405153894
1022173923277000705
871422855732498432
4250393883
745312398924451841
1014633623117590531
1434370969
900476766288007173
198585609
442951310
367502342
2490258398
730513336497012737
1056389680013459456
334977655
387462076
381655915
720016479194857472
2852569408
381839774
2615638350
2185406162
982589974976647168
1028765858120851456
312225563
1575640795
3426443182
336026643
1033530121477648384
389545219
2551127788
401635359
212964250
2170656338
3046937845
1037706944285433856
3903579340
709839586827112448
822531923084017664
812321245182226432
967567755078664193
1262234856
911642353554870273
754820880673406977
4828421903
1052849665287364608
745299930458296321
470463211
59926999
1042946579005616128
2689713615
2548367418
1034630619060482049
3420180887
913937349746348032
2814506428
830195879319568384
1046485181157249024
4909022943
923983760
299651279
165999123
204066827
1031672377002938368
1036317188964200449
571268447
1087194318
1058123879959457792
169978397
3072182980
715295181558398976
977060592539316229
954747788302213127
62875898
1117340071
3101840375
2218372886
4485754787
851499197828399104
1036420757583265792
759153025755783168
907029562927742976
759956526
821468499159748609
820048343271407620
2823004131
3073505907
299852787
774326965549563905
478778572
831996011644125184
967776523804663810
216642279
2432648880
586623870
158515159
1058450688987029505
1279115809
1355293002
700893794640773120
3776010989
841025264230551555
3907202592
434325955
701745433991901184
952016050262085632
824333048904818688
1047992078817546240
1017123862427983873
3405106594
587113854
57827366
4849813913
1044417497196376064
225429038
924937447645106176
2821073129
966458627409285120
3230374335
2497291878
4799043519
1610472565
2172042178
4363458022
772660904928354304
156796976
1691226907
429406264
4843656634
861315271805607938
3593999062
803525134942400512
1013212399258816512
60191717
811568742438236160
1004453937305587715
956747112598798339
2288773438
1001991389662629888
2222239084
749959580
731582444781064192
954156785304293376
4880022107
1014909022393307137
885694122048331776
974332389261500416
2707418454
231516872
270043306
2612280833
286296458
1286758328
2434720724
968604519876714496
737702763413508099
3187649051
787413119270281216
2399068681
957901225
220655788
721112392986423296
2199440662
4570149041
3084746055
576698021
1050483941063450626
630815847
1008703198234927110
1870933562
2208592805
1026888346830860289
777999548727889925
243937524
861054425019932672
849072565909942272
3245345914
2938364212
923196088034656256
260836950
917399204368183296
1296464191
1007418241495584774
732033935291629568
293246737
915698332953120768
3025708582
717839850553155584
117266713
149524977
848544650155700224
3431809931
829736445879414784
1062157226767474688
944349822777163778
738086045305196544
106566215
1963522754
795787477931933698
1004400368435060736
3021928732
264493155
822933727907106816
2331384353
1015323317425917953
2228760632
3777430577
188974203
881254542754623488
3134907670
2945890732
1626606864
427439913
1235164885
760790901182660608
363175911
1050861182159081472
358430853
2202246348
2500123726
3396640774
757322543422435328
978719442560528384
2174983795
284303521
761936668354043904
2592262933
798337727527813120
1142460805
3364214883
1047301837110562818
931295077653237761
353335025
2248758039
859637266578378752
198338931
420222672
3258524607
187731805
274767361
1015386209189859328
490558701
1908775568
2596638895
4419417501
612557411
967464625536151552
3986974163
884408833803784192
1019180348746469376
1621410786
2467014420
4561713318
721834613484756993
2767577962
745438024150900736
941713908909445122
419060222
1015669638355701762
