909829215515811840
2688490448
1117407620531355648
883331202144489472
1103375838723100673
276307786
424478985
3438591551
1031881441435627520
892742228443099136
1029130993494630400
200486349
60341416
1113100087046139905
27521283
52232113
1360586040
1103280241408118784
148005275
1105985790440599552
2386939076
959248822391263233
2520622946
1088467440860831744
889811083820761089
1066850319550869505
291419756
860912803665858563
1044381779208130560
1094226521450004480
960184118158995456
118382601
120307975
4164230055
1109069381580005377
1030231681062588418
780108404656316416
795005397711130624
3044698487
809795811227877376
951240370146496512
3980550437
1103318269870653440
2976833651
1024733475969089537
886846557584338945
1050885805961617409
976828408297639938
788037310659059717
875171084450058240
1087271189159071744
39849179
2409377162
822199942592729092
1101582093656702985
107217518
1102382219463659520
322993646
1101196460761202688
1098836453034024960
1074831921262268416
1099726182638071811
1098792388137504768
833835960664260608
1079503587661754368
1083752230241607680
3405477845
1096605011017109504
1081370457272713218
828723772588961793
2984467175
1006350463120355329
4449863541
1414158272
933075900
78105757
192511824
982589974976647168
1083747196422578176
1090385792839680001
1084132387360030722
206920014
1090406068319072256
873479443385339904
27426943
137429279
1089700815542071296
877328315194851328
105800963
162422433
846038496003461120
1051869637372256261
443970294
2827371716
1087771154545287168
1016647217896148992
294181520
1052542275446865920
1079236841151315968
1057903235900551173
937040852580519936
1082366524667711489
1082419989154615296
1021455049451589633
3383276915
1082385988759052289
2945890732
1080579957036851202
958862199082151936
319746120
376418220
945995549735555072
967810355270385665
1373839326
721526082713886720
1052764639371698176
730241749566820352
888187996549382144
161827575
964179870
217186074
1073813304676618240
1013171904801320961
309840249
1072505074117734400
181699127
76652483
346144608
77808045
1069705572545634304
140894761
1068995142302998528
199259044
223686318
1065535321402720256
1063542608109232130
879537475911376896
1051953888578940929
114274957
109430931
1255313372
766646556946796544
1062077766328373254
24226670
309837349
1034889602488840192
3033114257
1027749288099688449
952016050262085632
1537517389
3318966095
95111339
978676542
970800781044731904
866078001993330688
865586518248837120
978719442560528384
1053260289775464448
3234491552
1033842067968016389
130596056
946132693556842497
311694360
325163625
165999123
377887237
199867021
1053462194703212547
1051963218028056576
773243895182483458
32511460
2660546794
3082111529
926872458199732224
98530745
330596405
1045696812621942784
40101049
1042584164879556608
732221928195432448
720948336069603329
458462653
3785219843
418973008
49753135
1022690722229694464
968070873235193856
41164412
794239477573185536
947702054574837760
18144854
1032662708565553152
2426455321
716413043098394624
72974617
807803838749167616
770369674412457984
15523806
142386268
121954446
158428869
93185964
258589914
336532011
1030643969179480064
1021468452220014594
2480367727
242365288
1029088800767660034
2990393031
2936005365
96436211
328582609
358271979
404302994
926482337575112704
277145799
1020740516336594944
1019180348746469376
408650802
2884711943
2951721970
3961358266
2297750453
892510970916032512
885733707046375424
1019327897457307649
75422696
838190841529319427
958109754081140737
981730174172581888
927422634
466905007
981365132604461057
967500903443025920
432991098
1014545642889383936
231981020
756744300197806081
1014191679820238850
963153014839062528
80637162
822822341159817216
77610395
1012553375630725120
997136795375718401
886615318164123649
158717289
41933427
864595641418354689
499822146
1006546092517920768
55201706
993930843881201665
1002576191444930560
823022917168562176
63362355
130840078
1002651048773906432
1384689079
922566807252361217
1002217660338331648
1001193818702610432
190253303
127665772
992547698606735360
4158698127
3838689808
897663223419342848
1206527780
999090236310335489
978516252040794112
998369461731241984
94126907
3464757801
955689594732863488
2490258398
941247896124579841
324610698
15206498
91582333
995807022166740992
983082890509594624
556121115
3063209363
241216799
2965276966
61006257
182992981
972020192
2217327304
295136295
246002276
615569477
715169317541818368
960606248994557953
53071645
3435703223
984571926424293376
326861427
1730137777
81205833
910285739447013377
862824014619783168
899328110847553536
890063759833800705
956827095426129920
943201816132685824
987483834013888512
839954408112812032
888119157073498113
102093065
77566575
740250134836064256
257556413
909280619179511809
3004167141
862446456430526465
1613593346
328795192
104333972
2252995373
849373662541213696
964293477117853696
1231927884
161833556
710947382448492544
982000985970266112
968114263708590080
4279585516
53045629
323816619
965669707570470912
78466478
975127474962132998
978453992798859264
482925736
4322008300
198648922
272698983
726965750909571072
2303412427
1482807097
215484230
44370406
770894472
895400071843414016
29028504
367258186
1417877792
192640195
952697473507655682
971156619794026503
90031784
960279231199633408
157449725
890898404880076801
824000320527339520
3331785147
230415953
950803152533630977
1663752024
952229244947587073
4874195231
1125618199
3390243501
155653018
842936743628357632
2757344142
928243111725293568
950219662498893826
964356772570918913
889515968
701986595503783937
1475109216
229027832
768272647520030720
46259872
3094195031
69381418
2493544126
920756238467719168
949350386065985537
608300667
2519027950
911424899947917313
838032719120633856
906541765922103296
938955247036321792
822177244093222915
190778093
424616690
937431609892048898
952876983519768577
70419129
830406259962699777
882197191
2176519770
841098749367705600
939087594264162304
490349883
547175920
34682116
905620710642593792
127735317
940355499245080576
939551933894942720
64907237
62450627
1652911405
203995828
186618956
222618168
161896176
910848849006268422
3107911353
566715488
1953033073
33045484
888378264988913664
894964901822779393
170869243
3311016425
2148022328
2795090549
927338530245939202
493578637
924406923616837633
68668953
271997049
882258034621370368
905577486381182976
785250100696190976
921053786499624961
804402349825466373
2205410504
87985800
896937906270601217
343127306
915744151387418625
944707088
915317571532070913
108475873
4869131187
76508153
718954923619184640
759956526
864277774068002816
778619164449792004
207598322
767786027637506048
85949255
885065972415180800
900798710946430976
431936891
978775608
892477434200805377
2874363861
1262701262
617218529
114806196
448877072
113763544
1931629472
1334998554
54947518
2364757591
897465132271513600
163543420
794695081085308928
771334073797242881
1558539936
894013242305110016
56858982
818498499776040960
4198278754
246565835
3064193440
864623330
867437939202158595
84862150
882645821677854720
412490682
2977536509
279606074
881258706436075522
52038012
879694778199363584
116863156
30647121
1628833849
746460740773646338
869408303729827840
797476112
805746731598172161
54417268
388933645
197062009
1161655218
872232101638283264
1308126626
289962070
64411288
868106127837470720
1534567310
282832992
17582137
146832350
2395398296
860130237031616517
85790667
146684020
21508880
2195167382
200547085
184889612
3652409429
39815044
860927850009985024
18917769
68841411
176244781
847147320252751872
847162302503833601
80378191
775030160001228801
40397530
533690006
2431425463
4856944865
802143811359150080
52883026
838397264628441088
850914815656775680
235379870
77241856
57233477
253063385
545294444
56178167
61346240
2748597225
3171702142
306520285
2860979745
3137092417
834568782081359872
325814837
28685048
822249270862458881
2271862011
834224187166355458
827226968806551553
832185744135450624
137106779
816312021792735233
71676098
828039847155732480
3208384403
703918980
74319264
176559640
334146340
827244347276009474
555505363
254172879
818157536918511616
73894269
428370928
71388186
57822642
400804406
817180136294547456
819687552869367808
2518422162
1273036495
148747167
482299154
816416094395232256
1411107290
67011306
808869129834864641
156353547
710287171958280192
816325904897085440
108414545
814826763289239552
3241807221
505131061
586232496
4566753321
4921496661
62892922
810294934506979328
37587232
802984192543952904
56862536
801037776074539008
157805691
2416583779
114182501
111919384
340567073
795011691574685696
3096819810
71835506
19377764
3346231487
788717445913645057
169183890
51737446
755901468897644544
241086359
344036392
756136932569128960
796727981775405056
175987999
57206484
91667961
835737662
31627413
1118913421
69133669
792012253017022464
792123621061849088
4903156137
369740558
723690042502336512
15267165
744616488
751733638287519744
260103756
759183474645348352
1947790860
154994830
783347276064391168
298815940
54242715
778798278250893316
758823614187577344
254311760
570451527
4331591903
781646727694745600
42463741
2421312531
3882806008
3496238902
733503575058305026
781685161054339072
781644598435340289
2306622151
775458757102936064
73942217
336074360
773000689303822337
457439968
142458241
257938294
964384129
774711278514438145
769539623957721088
3119499765
774359760388915200
750827459457810432
128928544
4249092443
397529418
316866790
340082280
200910861
772068035494547458
724249206446280704
59462781
2970551651
933423055
51582294
770469308522754049
1957595749
124781938
763561429559545856
749075485339029504
769671911555133440
104538569
309862662
760825585430106112
201496871
1732943810
302995374
768191997563793409
3047212965
218670749
752997911143874564
330576145
2989943397
42229570
547567446
250309103
747442747074842624
732306405898760196
762382933902647296
4906774817
409301423
175896005
756536622653566977
54389719
753340595456843776
733671147703836672
1455802430
73110417
2901681001
1272491042
333375166
1347444900
142323471
2750503139
2550790675
752921701894193156
2250890695
352824232
754707068246949888
708574770447650816
276151939
621167749
2871630052
77543145
753304347476389889
89489432
713791002381787136
751486387602518016
536771859
37844510
39676440
750072496809017344
736349736505118720
250783433
178525903
599595192
746044236336869376
745648744016773120
738908943901200384
67769017
3066068405
30988471
69878076
445732002
86544940
158054492
372970975
352301121
737216813721866240
3084372899
730880794051366915
727865650308321280
100635169
1683541866
26825816
220079746
720077453335650304
736578648837390336
146557650
2879867045
715932035311865856
4252197622
733133535670882304
112052067
245426690
730732432706654208
733619064573177857
2835757684
4893841540
2391324631
731551172247605248
730474515705298944
25813136
2749692322
711989587191549955
39397660
724674617139421185
726099645064183808
2778298085
58462007
279679379
713351079614943232
268480641
197012308
803905028
3045010265
2521178107
4805956648
3364115710
89348606
3167111213
1594014798
720972858286018560
456010861
699720734789206017
1631040686
1852436809
267433599
518130768
410278098
2838738503
3415872801
711325460295192577
709193991015817217
153457478
4451574569
57712626
89434735
3156804397
233314298
76202766
191575731
4338995729
707412219974324224
43163411
707386778018312192
70380521
126220424
56264904
40795469
291663608
285178374
1347123481
2402240737
318524481
118746584
66016182
4344099927
289107369
359991659
1564068278
859804658
34067502
3341074203
107461551
66974701
4915818965
34901014
4898416408
266544956
297462561
401429857
355052274
74486483
127022494
4831485027
4816595789
3037778411
848281855
34138932
48914558
4343403796
39048236
21039198
37643291
109084985
2258927676
298088756
25284121
4528045880
97526102
3046937845
42398097
4820103190
268042106
3059160226
3380955862
219186111
4744113461
3352556188
2992106991
1636313713
4710114569
4707708045
4646959517
4569290668
4622848277
1022008285
4599434255
563642564
4560089495
2263230955
4462654096
283671272
4481653541
140485170
147177801
53936391
4099244775
4312231996
84410938
211352807
3078209759
330605820
52793931
938414678
2714664154
4171179448
2232263081
77857774
4138403014
33476315
157492583
4106729542
99140434
3264254145
305698240
4079672475
761855102
4064874688
164678250
3387979913
2844524711
2802132574
251741837
195790966
3882056723
3913436560
576040144
107116075
3547405396
1504424395
2743154157
3526670233
3053140190
3290705275
49231960
3698886556
64256664
3664466475
2748719897
302273766
3615721515
3037052939
3010527527
390324294
3515706453
301545593
290360001
3555408076
106536900
1013214384
2597011843
47004845
159265829
58080111
2938220811
3119516308
3428493214
278066493
3355350286
184766801
157122507
238410645
2355363844
2983334363
296243517
1626206996
3294208449
2369683089
3380850693
40971323
2852898975
3199479095
3133753436
54019226
3366305819
3376987425
3376793387
180083959
35295369
288245160
3243713163
3342079295
141419955
3361555887
381645121
1684273446
214739723
3349098341
3345619798
140159274
1161470024
293804354
52266804
3333054321
186137468
60087156
81377053
2924726091
2993980226
1210223534
291391465
69066485
3150492679
2211540818
247998455
249220344
703505149
1623703470
2203232317
578700482
231238093
64179836
3294006826
322117728
217173808
3121469987
169886191
1869930560
49506012
2801299029
3234258016
2546458866
71900051
2606433354
2862462948
393365517
3208758975
3206291657
891443780
3038967622
204104554
2902356915
3188173091
3095864489
3128801371
147756037
3066692434
3139925577
1002319368
2929440802
2935160026
3102142845
3100843451
3131032631
2974754523
2711154627
105168644
1901007714
3097569783
3120393339
510967469
2903910999
15273023
216185684
44371907
3084746055
3093810472
34839043
67004261
1920872562
1466025044
2996195908
3072687046
3042001448
2876975614
3059098198
101907597
2874976055
466382765
498371787
80069783
279488209
2973899717
2844144887
2573487012
3085584353
3065096135
357716813
3085155255
3022350154
3083210338
169954270
1215524348
138729235
156274088
3025050250
313040819
2911396725
230504780
3042338589
100545596
2440481612
1606249789
3052934069
155730499
146636380
2942830541
82229554
3046932797
2965916320
350319106
1244026986
402093317
3044158587
178677625
3013551562
3015823877
1195660994
3023177579
340942938
234246613
3033448258
2972425601
290263798
228164480
3019368436
104267677
2214228413
232619697
3015294843
2962798438
62665959
71300676
2932144798
357207777
2858737931
201101395
2995801283
2754604527
176614466
2994025395
23797331
562356126
37223290
2941558653
2902290533
2874946690
2965002034
2897913982
2228989602
1461187837
2977323375
76990296
2613383027
56995469
2963922803
2950154488
2967181121
764888042
2940074901
2868170735
246378990
2953075906
2845990551
2799469583
499958499
88427624
2946257146
2660737830
113185723
139763456
331830168
2941961560
2937293045
135640986
2921344415
2922941033
1640303510
41702521
2918600638
2869812453
2907226672
2420696855
2843438351
1099401890
52779553
2901665483
2548562984
2897178323
2894578360
489484404
2865668010
421504650
2871699370
2735595657
104173199
61383307
2864701480
45017346
51710738
2881084750
450991284
2845827555
2865501463
2870655232
2859848957
715225579
2612584383
36161686
104158971
1315019504
155380869
143243784
124527396
805025179
2275542418
2835634341
42442321
124928518
2870234664
2784627953
153891457
954030535
2831052124
359433568
159226657
160190728
375869065
73708817
202736340
83201673
319963817
2810320121
982910449
160069566
2796728201
1149641874
2792269328
129555576
1126462626
351638701
2546529440
307149558
2820893155
2669421122
504017525
209320859
36114279
1480743541
2308986469
55055300
48789672
634149856
2740139544
2296845144
2751641884
508136792
2726818312
195632652
1397457649
1558203240
2749862249
67935659
71364933
55610221
88057479
161839757
46456134
2730556856
186476403
2722956170
274799329
2683216166
50300261
2730934575
2695849159
2165067962
241370141
130387645
112471009
2571683605
2263747263
29086840
1408490400
377449807
2596899406
2652340814
2455729276
2707136355
2632528472
37822351
303845661
283242870
180986966
85213902
23799525
2486265956
703338082
2339856611
2591543287
2535154155
19406877
189690250
2633007417
331270024
287824103
2548852026
311867251
332223177
374479135
191104100
274259919
142659752
175396296
292512135
68563547
2573332673
2573052471
209828606
2569898631
92282674
2565788650
324887769
40859542
2519509225
1095421464
262664765
2555314469
55082705
2503112178
2549865064
201798083
399571570
2361116184
309989942
700831653
2399363737
2540291531
161046893
242015069
2217419218
2484525739
1717232460
2537865820
379266498
2521238775
2529701627
2473676629
87787215
57042705
414315289
2424291050
110022352
126758036
258630747
168329864
1948227931
72825933
2444429617
123960234
2437511352
41300496
2468385249
800189173
53221578
2429499206
1280368052
2425825561
175629329
115127569
2416609705
286375623
2413409545
2254506392
725109614
1521114194
2426759416
133403518
30333779
134473724
230504631
41678717
169746678
168733967
2386976643
86434824
2376318769
1241658174
1268413033
50698791
20987577
47851105
1316909774
221777040
319341090
2360576768
195329781
68475998
109321289
63733891
2330928074
2338577486
2264344920
45946547
14434407
271888867
594979729
69783673
245598073
75876075
231110216
2293777622
2318730638
821873874
379322571
255589214
305319539
2243150346
98974608
2258241330
69292805
39405495
2284520042
110885881
148842540
57973044
2245817643
2269126045
187018409
2258491974
2241721545
1951851530
266100748
2238616455
76227627
332546330
85295573
82251729
45992566
1547106673
303483401
386617498
53096246
2207673781
68125306
2221125668
2199035633
2214536058
42904277
181684245
135363695
41360263
928322486
1452440580
258891842
1957779775
24826777
447555188
2182073738
265575024
2176405716
426050394
299897924
48720952
313901842
152370623
458832412
1322595978
1966172227
480688455
136640054
1962728636
119763038
15710710
498461935
83009589
1944487694
1924583042
358504455
1933120272
442152516
707674603
42877092
999598232
125191415
279655166
67648026
1732930951
109671662
1858040708
166322976
1832646026
1744930080
1738655545
1732683205
1546616768
1723038074
280326400
240342777
72330338
111581032
293800777
132020555
63597920
75653088
186184948
336792656
222998629
290766072
214632908
137026011
1612767036
1671425306
1616012635
476133740
65450777
747687169
78728891
256091700
1651272642
71096424
212281724
63183991
107840088
256705184
22679771
1623821887
1615224481
200712494
785559932
324627971
55545651
80714498
135548235
90875775
438049516
26932840
1513705572
65376443
76785137
83674955
121140979
45997057
1535159017
301078072
1163566759
619991096
48490136
58313548
22958648
1520473933
1101962048
1488581472
1471115876
1478868589
237681426
224292225
196395910
29965032
1399279441
355750578
225963775
1321339616
35881669
1420683756
21320540
109816367
92404126
116098611
65024040
79545107
978595357
263798925
295849930
264137862
579123881
1377801672
406000564
1148688998
203720686
1302342505
104464429
1354524097
1351205348
235324615
67644208
33514791
55547444
1332337902
1323656130
67636733
268543714
58643815
1260231463
1099668920
1315152050
321700877
850047961
120161878
14764908
1302175446
1292980380
1137067081
498151829
1272220310
69173388
284347147
571276987
33283763
1268038801
1263063457
50773466
115997772
122242719
35358191
40380200
732983354
165210076
1223044340
76842522
68880324
95850557
562993237
327176880
198893966
1051058354
1182956365
56277141
380091344
88833664
414428090
1132587804
292907389
43255375
45890496
271214528
130180352
263477479
82363997
875605898
84948711
73680278
101868307
206815173
51087074
218450434
1118019588
54389700
259389253
433333185
1097102233
161414014
1095200288
125574684
1071509203
546313453
34522200
402157497
405450579
199908233
89576524
334076999
58473359
631017100
1057239980
1055162666
52109553
1042741892
972759998
59150875
94393121
40396647
101632108
54007567
315195427
1011930241
94127811
997987490
53033025
1000339591
379240417
269498059
979080985
482267849
364492948
953683950
53535089
223903675
343587628
243356996
366856069
81387425
966242047
129304564
39274253
592048377
58495219
85331176
949745430
539064723
113204132
949651614
14242658
263863861
294297067
47447592
22461104
303083310
889550635
135854511
94158415
133056732
82686881
914595416
202330654
912490321
898743720
896457104
358438789
886926204
280195163
764246311
631545909
263141855
174736134
92496678
876706801
132062091
378377084
870122606
873623348
869942438
857485387
155202330
865419205
860080496
100817018
15355071
25904867
53050115
17174331
267232571
49994997
128226775
320941636
820304468
82503459
27996696
801709747
801483157
405881779
791490948
49825011
462242606
33499952
782850470
29187827
31294638
778002596
94559776
72573427
104306769
608746248
226375764
268622673
204236675
280154667
146216726
731125694
56830760
724975574
43113215
248223914
705522398
713059585
615629332
108591933
701824976
636601892
634447460
633819328
125548048
227741388
626913414
319284815
625117052
623110009
582983055
212410356
74474854
16752018
183201606
37713335
609137222
583380345
73373759
534868040
51711745
51718039
356528889
33509508
601494006
158600838
595502968
79302082
151992125
65836202
284700275
26889234
589718826
210257649
49479409
587932241
365653545
550406574
199873900
22866542
153079842
72915715
67612842
133955956
522541622
406314791
56431306
215017884
547147490
572021273
519024137
339352822
36671674
149126574
259879634
94301325
555549271
227143270
561166372
484738650
548490808
558847647
281199980
360887772
556013434
58548494
512858061
66353965
383387995
60632405
149232709
90236750
526365274
441007952
521526664
58495474
510633454
55669367
509593580
346733491
38931640
282352173
523676968
57977498
86210068
473038590
199897288
475179556
24610314
198119711
405677899
516952125
490783863
22158328
220009244
491511696
48514470
157138618
246908549
498221818
353849472
43697215
488441761
26222791
58787097
314554585
274659194
482217900
354062034
346360688
62360436
70275772
120789469
473867919
219470644
203147256
468375823
420590487
314949453
448922699
234399440
392689404
100891274
273167824
33994540
311175728
276715833
396992324
438158407
357546882
179656460
68856430
53440997
432550940
69363976
18551462
63885550
394672312
422050694
66878570
368575628
418753071
414937153
414797986
336257209
47219586
418576622
248328350
415797111
121793373
29578643
414318462
302146529
56177253
78073266
408898350
376813517
411540740
25536156
372583597
39909676
406654594
385942781
65778308
407026829
401398916
406304322
94878801
402761375
102725897
402204055
380499701
401100506
353601027
81261487
392236816
394147835
398098037
43332435
42807226
45353602
366260630
393334433
394318950
394322081
182105988
394214864
394178595
306349476
229465385
392938647
107561987
84398023
41917787
388944733
17666537
302887105
302658837
374778054
95232798
385080522
23796901
206361200
367824606
383585321
333105324
370850535
383323405
382405518
382935335
103143384
90760895
381556344
245961574
303529355
294619298
32281391
100631057
289791551
31331248
270022863
21342548
356153369
348403139
31461102
178946275
373933258
270096301
41579881
373485325
336763491
122071625
292504491
87121261
372023971
371396980
365753553
297977305
370198682
183020093
294723294
357286895
308666320
68701588
364538140
366860834
334176113
215262080
365544514
27335376
363979505
64800595
34343289
322595924
335415143
35562229
14594813
362085208
300990680
53176400
140958645
64465994
65067172
113608847
280530837
86376568
358843503
357707913
50480305
358252777
126670041
77371119
81469944
261296855
354708299
156485173
356451547
65963130
353760057
42678019
110723308
125321136
206814730
99347316
334660558
349340725
348754711
50377222
241654460
348114254
53111549
338461459
346543881
333672291
345620782
217067306
283185131
277845839
307877998
343672257
260475717
54682257
77613328
244060712
117485119
61535962
82613664
325593705
180488723
315423160
63478784
335547802
334758489
35261395
179247786
333949461
284162025
137809583
63793892
77233312
330471642
327667726
329213934
328773545
193152636
62638095
227516291
318852590
143869463
51745875
323996493
61935487
82932382
320561481
271148168
130495485
319912202
313559522
319108559
316153557
179637129
319014717
81519009
317904927
317979976
140850785
315377154
228823622
313631191
39860881
313408600
265236537
163961179
312425291
103405064
311799760
53708824
288748381
212021930
309446174
112159777
289055779
146978102
308588504
308193636
181868109
272926575
306299745
73767447
171653881
261985640
250736686
287869567
295492645
303985715
122527945
299193253
245458496
205499598
62149588
83599815
247480126
262196520
62536995
293815341
131709170
276082814
51345366
298275923
297800494
240393377
162474383
66657091
293266279
131631008
163188758
67031553
296030464
42305589
292979271
292699023
293759460
212057734
21658029
281026434
71165576
49750614
63522754
57183265
289549315
107238481
53921836
95001488
81633713
282562848
286863750
155236075
286798895
258607387
82229367
180874851
80680143
39911948
265543340
108686883
151941313
61868723
116599025
20846485
188083580
189708658
282081031
253819160
48038747
195470690
280273819
74489676
60224376
280648956
64224358
70263211
115543551
56378232
280753316
57815899
188560306
117767785
65091562
195795389
280601769
280582751
278576786
280436912
255342620
258944022
34994184
233036483
76653432
183618295
71758015
158566742
69365466
220341802
53203478
36155537
280271819
48421313
18905393
280265213
92898359
118517148
70521532
89513950
76139147
70759440
176864796
279675065
262226907
210489140
271951048
29908829
221760747
278150157
68538639
274145673
258764644
277857245
277609635
58859179
277584394
44026841
69377741
276563174
93728482
57361743
67971750
124075226
255000735
274566019
108332317
76948775
163687564
16157151
272050230
39345663
79774071
131228526
272672764
217399994
264944601
249261104
269013244
270660668
58937281
103889033
159336135
257452792
191144875
260923713
19837071
24725198
267546294
267491437
267249630
266975114
221911459
61819336
42110435
264937730
125756981
55712703
227367088
36198711
152444411
109659807
76449598
258823364
254706590
199286927
249865845
165613544
219408677
256602016
54248868
108125170
48348479
254689379
64903593
86081719
170137402
58345838
74700408
151304505
204896603
209149731
66681094
71814293
71000980
245791133
201992496
216408400
172349584
246574830
100593201
120173291
246578771
228483176
52549375
40574092
51758504
59675401
111396032
70684033
76841919
14762447
152055699
238721376
34174197
239864814
41271616
152646960
53532448
239918297
65530263
223565371
205950551
179979920
66560676
92936362
97883998
34993412
127916036
34319230
69609850
216734327
165770529
77579748
41856954
98364726
140925817
228249170
35049331
140090337
212407046
223236204
35064734
222583311
225090365
226043703
201567943
144695733
90855345
79827955
212773905
188215700
190851117
180579752
225097832
222956565
176260061
55226414
223921783
191924142
156060878
216678162
222528387
132188489
134244581
75679418
66453577
194341304
220130966
36082171
197599296
212388747
55941126
95538883
50674253
51476171
159122423
209538533
211579160
114050779
207611926
47879708
214905921
92847264
190724287
165652241
213256812
213013091
136194850
61810246
79274139
197546274
194293936
211185627
20211915
40276487
143183923
206291699
200223821
42818206
125773915
66485580
72870343
102198212
58894594
175054388
66278057
71042435
190706421
36119529
132964791
48805603
142687113
74856273
198679129
65210901
201012471
91683098
125345690
182139176
197123669
54088404
94626807
118220556
51480017
51762705
38664661
39002474
120947001
21985049
41878466
196630707
64728553
196246760
52221829
144622042
107506911
195629491
57715273
171693169
193966797
53473894
127609437
193902662
191155876
37980754
52397799
177210775
86286034
87210424
142686055
86212920
150887477
170737020
79179628
190419653
167074865
48135930
173511953
145716329
149202124
62206891
179233057
28505427
60774812
82469418
190723008
68522317
87758041
186451234
38705550
188937157
49610978
171163075
158078026
180840023
8976662
97550521
68029510
55932260
79318321
53223026
186627828
62546732
102671303
150331695
176471859
119242340
101554408
184551492
76315111
80905668
45420937
51638877
159614579
8442172
147716617
162149030
30858613
177763891
184639608
46810461
184466821
70150622
95234594
25998569
158504328
51454369
183340662
182055985
25097092
110712433
38294068
73106956
173974704
171931472
142535307
100803845
93149575
15624947
180577379
58343894
166646617
56909958
170321068
73509876
166079120
88826517
83642608
174763510
93946921
72751990
71672587
173855916
17616877
16151642
30312303
61319995
41013097
39309795
74518948
119957244
176195058
17964321
92107984
162777035
66184095
172612723
126031146
76224113
78479861
57830730
153169210
170001677
175153141
49743279
172147350
171707330
76093237
171904025
168808190
174334927
174296734
47341466
163211496
173663662
94510174
130163447
161300567
92976191
81899718
69054614
145453495
169157581
171980121
110585484
78335545
73025550
151635986
167446906
32743264
54809273
154678705
86128691
26845216
52227636
167102257
162280997
45454808
110478906
46738393
61256650
151155432
162723264
133329613
33276633
128347130
150264426
158059716
86563104
38103161
21104483
96061344
54078514
55682799
54660383
155071894
155377364
146267814
133437794
154153440
43703827
153578721
151566976
123932247
49747831
142946475
141287923
127384987
76524075
135201523
149669814
16542082
133787178
47200492
37918680
20804030
46244719
75033491
129652400
113336877
145312824
26527397
30675058
108637786
60347293
145765451
31291733
8962702
35581831
119360860
146530983
130143517
145476651
146226098
56752613
58459729
41172060
125852337
145477970
116189772
144511572
54397196
142793335
80072552
56704681
123296836
145071300
99942107
79878154
87762500
54607162
75343153
74450468
52543925
72165382
87355007
93656158
87300483
85473609
91319002
38565697
127655778
128995948
61838303
143412292
137678689
134591704
33210991
109978894
137456938
138249864
139489509
29535485
59951695
45471390
53391352
123106458
61867765
13057332
46289883
54754708
128897249
64099557
136948001
127983388
118478824
23511156
53943223
51187511
78976050
72913958
132213118
18319765
46100120
57224371
102166037
27569869
134638941
74527889
46709348
129880334
86550528
88698585
133332300
53487478
35747135
130812337
105734809
52060301
46758544
114595430
123801584
65471771
119048863
16170036
75616382
119822266
120772958
102111056
93960844
122457038
54295430
68298306
60424207
124819853
39074370
115627189
122477383
123171313
47489147
53477804
121224202
121231701
91185961
35084721
117860283
44781874
119139953
30459051
56554467
45613632
58924736
57229009
83844236
16146443
97667840
62303206
115206644
112742620
80683528
55654654
41632141
15230805
51623497
103714964
97444693
110587676
89692693
42461269
44704646
90871460
83588408
71920855
21822738
74335069
57975496
37048299
45766596
105489743
106136385
26326906
27235159
101998743
75065499
84148969
94792255
97625511
40258962
89732188
35501294
18153043
43012273
24695159
94217678
60634758
94817634
51365399
52185760
18953518
92956028
76085292
96111958
83187384
49252139
93775480
67010857
32507216
66494756
36253944
71692666
31014996
78723858
73467873
51497312
75141858
44740301
14812128
66429752
14576643
17606982
23510270
48836461
55642590
59193481
44729142
32543641
25682614
55631247
36769945
17313431
34118062
47142679
53067728
53444120
52159343
28341078
37290303
18233027
53062656
40717344
53043965
