1112444061644963840
53723039
824000320527339520
881258706436075522
775030160001228801
2931347650
2902203715
162846006
83694543
4018099336
4852123703
4851093184
145063243
129653235
4843968346
2835685093
52102101
62911877
274259919
4784634989
4816488557
120226366
219684343
3626324415
3254799759
260948018
79800099
3009123837
19707921
69958052
80724119
51219127
217239111
224328863
67438439
2993030554
408464672
43402344
465960203
2149674210
2308965037
352464091
2440489111
3007662941
47170998
113482486
62904980
113934411
65964750
3015294843
3014394232
1884716982
27956793
276023064
46669662
3010527527
271441561
3009038363
34740764
39531084
2922805269
279820264
223236204
3007383197
269473179
54417268
46206707
158795533
187597469
2954887462
180132313
51151135
1129497661
2705369461
79478349
230267524
316709495
105639269
22190439
124258259
240069750
224011900
67055621
1868142936
2409377162
264285819
82267867
2319269624
1293196310
48738163
160705727
15273023
138309367
36751060
23751704
2314335098
45149413
381554686
796271798
101896602
302955169
266474998
113937008
289354281
94313368
2261960768
2300502386
107287671
227487968
128281882
69993021
1496620892
