333435375
145453495
1575591943
1001969262804729858
168679005
745345520697237504
893981473228943361
2938820434
1078720939062423552
796867792767217664
1117652964401975296
1117600517541236740
39834097
1087533307821260802
409419088
1035233567121567747
860912803665858563
1117470421836865537
141439821
892137852
87226219
1083572809278910469
50172355
2780905903
3071201051
908854230701740033
770056107146477572
1115795313292382208
912007023541223425
1046922997939019777
1099849843349090306
712637391283089408
1141704835
1025394928745160710
61471121
905131850439544832
4836929975
329405026
1094729311460970498
846372617128955904
860929696636309509
865992027644850178
1115045586573713410
95294048
1072357556608217089
978398172505690112
2250890695
4847600758
892766065553534976
2898739222
4549721542
503531030
1530723330
2744567014
1062834080566390784
333526834
1060505234
1090413062904008704
347455218
313912123
969022434476199942
1055646700214329347
125471050
1115775025565577219
1081305660195782659
941381684724948992
1104422993957138433
972462134
977973298112933889
722062072654258176
1114990396055146496
1114450887521505280
424478985
757743259028430848
987521557911220227
443685595
143610447
3254893455
2507424098
1050067218929725442
1089705600269860864
892927133600944128
3074076894
83648764
1923720590
1009452461248180224
1104805577954377733
1013963573352194049
239850516
937435856788389888
2557867312
706686652
4884873988
1112622110
1068988760384262150
735874387136630784
305401063
774386516516859904
175934800
2376119004
1110593492701642752
600964102
733023854466109441
3429217371
3122744369
716132016039804928
1096690529557987328
708163715
473436814
63557419
1110013880909082625
1092510184386322434
1104031275768254466
3242061297
1108678471595843584
1114952413809643520
108993641
1081387254109667328
247380896
856433385232900096
1084212755492732928
1114554413086060544
1114653118459981825
943982823748374528
1029130993494630400
4472352677
3377863822
1108334922312364032
4818406875
743971351711617024
875696106
1082692819125485568
1113928242963058688
2563493343
911381908885577728
1113973248537051138
1114139407383171072
4895061040
45997057
710961537889017856
1323556742
1113929809695072260
975520713640677376
749828399301070849
959521410686349312
2667509893
74483915
925542493470543872
499126404
3099792261
4153068135
940267578659926017
2482327961
2821890645
901935568329826304
2979875596
160539146
1113241147684610048
55016414
857762335490015232
1082333259277717505
943329608111460352
849789953357819910
3330426267
2314456220
1035161878220165120
290762462
2772314061
4612900703
1468369260
339783630
751560834946588672
1076098248853647360
2855145579
1022982458998964224
2885751483
1033515660746403840
874327162907754496
1026137025488019456
855595348051546113
775083385408593920
1272491042
4399173994
791811474830262272
3048296776
421386797
836777835931058176
828416237415833602
2629796998
2784052175
4896630053
2310729657
1040248500729143297
854093546
4204034818
2809712378
4279244201
3357167561
1078807335101976576
846562906217046017
1042222743142522881
873353326389334016
1036493142311223297
1112888786051063808
2314899099
928652281079386112
1112532137356464128
842805028222066689
1112513154083446784
1039297876986404864
1106405159742115845
996120854948909057
4062546496
820655052784357378
735906777653481474
1112174973714681856
3119785223
2501139299
1009911968537473024
995042564565798913
381839774
575701374
838446349859360768
835890044489564165
3222887499
1104885242555453443
3711790403
1077382188751114240
1111421889904328704
862811993899769858
1106956528488271874
749804912482062336
1050524056334815232
123040498
2322690307
2370968825
1834130389
1064991508472975365
1066850319550869505
887669485347500032
151842973
491754702
3347817083
1110916157735866368
2427806444
2531028259
2990740491
2788808408
2189530607
944726721995165696
1100430288704946177
1068251643689480192
107092933
2961247823
1082419989154615296
1108852884400209926
1024601440067694594
61079085
1069668095005024256
1308014876
233963980
2218328344
938414678
2826570893
1040361572315619328
841003150387609600
1110206032884707329
1105167469038186496
875168402972827649
200721748
2695678498
282828997
1044381779208130560
4068840809
3295230021
3322879995
1104784640001347585
936781623978323968
4197386357
1059483970503696384
624283053
980837695000924162
1245072109
859572946238676993
1069167491040100352
1059058031206584320
720322893918240768
934394349407932416
807903685909118976
988588808911376384
893464448
881570321467404288
4734514397
2447953633
1109251897058381825
4835551631
1053298088264327168
952184714173009921
875762638227197953
777184718047543296
1100610037058338816
1004377886
3751023497
980595852396855297
1070835785329463298
4097610797
2272073228
263242035
767492201471479809
1272580057
1091273740154011649
132529929
3359795950
4830056104
1108886064654139392
734121964126806016
2943788183
300525426
584716825
795005397711130624
3044698487
2975777775
701560994712178695
975076834026147841
1062892312290910210
247784373
1051621743855632385
1098870679188000769
742202326455320577
1106191129173741568
2938899712
1580228317
3079487230
730509973193658368
4785527896
376422121
1106222867128168454
3306464662
224813266
1106920356575612930
2928441004
1611510876
1081943577729687552
799940154471415808
1365544843
1017072923297841158
1106948781768146944
1107823050177826816
2943212873
47642195
1030231681062588418
959616616135909376
1001260076366254080
981712681848754177
755951376
1058901883736219649
1096961050241613824
838866260347715584
1107113194550632449
1103318269870653440
1067198521609211905
254122740
282748821
1100896932103364608
875171084450058240
2880144203
1103763990260445193
1057063059674542081
1103122906878484481
1090724297306529792
144691803
1088179310987493376
962279775623696384
3361194520
362204778
1020541673150058496
1100468004565979136
1959273918
886846557584338945
90238397
3245537225
951072982293676033
73634709
790695259978301440
884954321837842432
2443250116
834439958916108288
4899506429
1009974785936384000
730805517073952773
590455147
942904025611202563
518985891
4352368817
2161678809
4313682557
38780053
3158325448
1074407976
2444736260
1105232343512551434
758846419205623808
876938257141051392
4776109301
1070719084285845504
1104088353568419841
766815328152068096
241750504
715282377015181312
871125188238229504
4029387383
1075076680572723200
1090899089594683394
1070762476327833600
982417686331363328
822199942592729092
3965159422
939665756266156032
350382303
1095357574726250497
559885844
2377971370
712980159780012032
1265831936
1066154499927089152
1273678046
1102662234898075649
2881774863
4886219193
1102382219463659520
1102292944512528390
937069290834087936
3359581115
1102347194970132480
1096806137880592385
900427543563706368
867124087419801600
994285340230848512
866048855644811264
732950217511862272
3351504557
1023000383139049472
234635828
4143144687
1090637092407951362
725803484335972352
4487895857
1068171468666753025
95328565
2815917976
842111956349779968
3219529395
3214928789
1044679734460915712
1092794951962935296
981772668277067776
1098836453034024960
1084179224079028224
1053059920172605442
3022202494
1100557117616996354
855643528730476544
842328189372358656
997611368713945088
1057807010517970945
489730719
1000418494620618756
1037709984
2953552679
3700808837
835289255857516549
719562176017653761
3047355507
1062835673474965505
759196836699705344
3949765815
1099812837239738370
2393364494
1083529476921802752
2886084461
769510824117465088
938022922014347264
3997830861
1049720009235341312
2449774980
798220313137922048
1060239009849507840
256588222
316631046
2767664194
1025511484581969921
3630035668
789883987384799237
2630178149
814599737378832384
308616852
1400846689
1098400425760440321
3296006021
3050455687
714178095566168066
1099726182638071811
1099744379630174210
2317295507
1099471428292882432
1089172124324032512
1070367017809731584
831967495292669954
1090321982091075584
1099045737818660865
3020729931
74900640
999067791637532672
1098454816546848769
771839275524554752
3363328925
823808711143653376
874688117986308096
2264205589
926411483017371648
444923201
2929432882
816117719355498496
2872330505
3050128532
1000540884373471232
1061781402776158208
4704926090
32015429
1902310194
802936237837471745
4870795053
1114457545
957619930136039424
2245780799
335397774
2718776632
244105924
758725605093441538
379140243
2938975151
1868826114
941480133713637376
818661976012427264
810603474660524032
1007668232394825728
1098206081006923776
910318153145700353
793490289642078208
3381576987
4883548937
1058123879959457792
2268321240
942046596530954246
4172241741
3733620628
4821760852
1098289664392392704
2406996134
514533660
3241548449
1028001716279693313
700858542165725184
897771158606680067
836408336534863873
2679769257
2762983090
747063872226467840
928061537264242689
987448509032030208
3537774916
742760796564905985
796091248419409920
981335917712601088
2511322205
3876428295
2816060356
817094583893032960
91778899
750770809115963392
1022986448688046085
1097149771184259072
2632583736
394295317
3105256986
762734283673001984
1083899820945879040
1375653282
938206664066519045
1038995235999768576
137876232
915368062861414400
1097967451923464193
2420930186
4892500865
1727004020
1096046402059358208
1095813295913734144
890393230445084674
1091894532428517376
4339052481
1096062848181194752
1096572602263527424
2768279539
881203049825521664
2830136835
983825745284947970
859917054991880192
833835960664260608
937837253719744513
1006026780350799872
828723772588961793
832142695
1095779864819445766
1895554309
3322083670
1041798254659350528
1082409040305623049
1095115158530203648
121317954
1398317046
1095061505240940546
2866023838
377887237
986690689063903238
2762342171
1094331854981873665
783816984546902017
1094632461294882816
1092987818257858560
4843493711
2981103729
883343328892334080
85671947
962892783999733760
852615486596665345
1064271840158326784
1082263769907150849
1063056924286050308
933080081706246144
1080525652175011845
191436371
1009248803176796163
1093291603974909952
995683357
1049506031217315840
1250388475
766834836279558144
3020350805
1092822924338307080
1092971123984207872
1020103192238084096
1032442092956602368
1556320164
410774929
346224275
1080492449301172224
326797660
83455893
1091068611752546304
2273390838
1007808093919555584
771136849444216833
873351920559239169
1091749604847161344
1091106375122472960
1091176028788191232
730241749566820352
1035364191195090945
1091092878091268096
721124940452392960
77884560
1042633513
1076955001837236224
732274376603750400
2984467175
808023731897503744
469888901
2868918449
2922304427
873479443385339904
1086254045428371457
4416009580
724441911478632449
1082239853360828416
258507863
1056891709173448707
1086088146314498050
3297762862
877328315194851328
1038884599139651584
312225563
292342238
747577826388353025
1009136973125246976
3438591551
845080721702178817
977682341534593024
1089231346759860224
476909443
75849221
2966126752
946065488
1088678080573571074
983826821585297408
1087570995446194177
1298318294
1088170715466092552
1073912958131073026
3968803342
1088119617283899398
40061323
1083078076177805313
2647470549
1070004610079838214
4824749001
333602097
1001671996894261249
1059449773399388160
979164557120811008
1018559405627985920
1087007153687281671
1086409775531859968
1085409052929282050
1084290619567161345
1083864610233614337
1083711603860795392
1083216223050129408
1083363468340801537
1154987467
2850566985
1081927356250554368
1081916659382788098
3142489779
2204201582
1081370457272713218
591455476
4594575088
135854511
1074661565352296449
1037461551253479425
1076196034517352448
3298558714
1080568299660984322
1079005366413918209
1076261934251626497
2721713814
977545845875904512
770959881272778752
1079567548654473216
1078427889677275136
913880344096583685
244890998
4872745990
2833296809
164850599
1078454425277083648
890629503327899650
1078432826368905216
1399817023
1075929026395541505
2361058265
963153014839062528
1076261447062208512
1077090421417889793
967810355270385665
170814722
1052764639371698176
1018300005810130944
1075631054818549760
1035945642051477505
361403434
2284038100
79279056
2832817401
1328131555
1075560570684870656
746769472279744512
3439077029
1075209636687564801
1074304710629359617
1027975256760299521
393024225
951305995346726913
1073508142019997702
1036097642219167744
3449221234
2953875663
261993085
892360740434214912
825059571135893504
889214222567178240
713429734114336768
902295881743048704
1875873313
1073565196013187072
2858712032
1061070815024812032
70830729
1142460805
3298599162
1067101500269318144
1073293664972099585
1067106897789181953
1038945294623363072
760126555091824640
832270271230906369
4062124659
37708886
982444471399976960
1072443457271201793
27979861
1071207535091376129
872258923
186541986
871725387176435712
892094579662630912
1071400812545540097
1063470044150210560
1041495206347059202
958832736403419137
912087180339793920
1015669638355701762
729499369741946881
2611809745
1070746026246594561
1069705572545634304
1057392533842604034
811258120823599119
1069375040813191169
1069936622949539841
1069247220950728704
1069792000965296128
96245151
1069248112609374209
1626850146
1069184856301670400
81247331
1062178144394846208
1019255319141199872
890980973957042176
244785750
1067855314140188673
750865406492024832
1493895414
942895598159761408
2993966246
1051074407270100993
2997119253
886303682899451904
965364302994706432
1053017969066954752
1067003292801216513
1065932650697887749
1066850454221529089
879441053039960067
161058816
466350197
314832859
322653686
2624048110
999559920713388034
1065788358415314946
1022546184651583491
84606570
337274047
1064958680779685890
1058135122585772032
728964553988542465
1064823579332751360
1064121689573916678
3337234348
1064138704124592129
1059578373398319104
109430931
4407952647
1064196872393408512
1020086382918881280
1255313372
1043523926805098496
880541335220101120
766646556946796544
911377796454387712
1063760111078912000
735989544642875392
984402859398746112
1063270943026528257
1062099779440787457
855265811203735553
1060509220402020352
1062069688484745216
1051130343951134720
1062464378769944576
309837349
3021495899
851564014312337412
915698332953120768
1048554169051828235
1052849665287364608
1053652304287670272
75659142
869740585065828352
2203633525
793231864093958146
4121096705
2869987384
1060600104858587138
4427212336
805966108629012480
1014534148306939909
1036772443237568513
1060149565037428736
1060261488655589383
787811802679836672
855972259693023233
4179984981
444863057
1027384508218261504
965367172481593345
193918737
2153425352
3285754505
125977081
877039175467495425
1058871375027490816
175447163
1558535353
772632740671942656
1416225080
360585978
1056199183814795264
2568193395
1046207772793221121
71835506
917928084535480320
1053425208403656705
4453795823
847118174680207361
107792497
795310975847108608
3064225575
1033006487126401025
554876949
3603775635
981325945612140544
200111412
1058510137760120833
1058324441904623616
1058140854983053312
1058057403546120193
3149627057
1031140137013534720
804527931586412544
1057283954938691585
921971968542412800
1017510091417845760
1056725665544839168
127088917
1056981953738612736
3396313060
208312084
1055278545650573313
742153207468699648
130596056
1673760283
1586292799
1007788457714909186
265184526
1035276186031726592
1053260289775464448
889331751490916356
1056223018991656960
1055945275678867456
3400492913
1055871669422698497
1055825293909340161
1023009199276675073
1048353137973768193
1042424043591352320
955108684765507585
2194549042
1051764166049050624
911421803297476611
2157850564
756495143709110274
706659761132068865
856273106
969167727289098240
1054942954295623681
1054943276711772160
337096965
921181182670393346
1054794256504836096
1053478996854403072
1054699158718824449
915666124787929088
1005496610460192768
1054359220592803842
235379870
1053965533413019650
1037044117744873474
2213279507
895792396243435520
1053746603184525312
1053462194703212547
760825585430106112
2563675431
286203837
1053065074485719041
211672455
214679856
108475873
804402349825466373
90911096
972090387182604289
949798207357374464
3228915094
4850389341
3409663157
55412209
998326699766018049
1022995300506587136
291754891
3080011352
4196928351
792696649671933952
699779766505836545
1007316987985489920
337844022
3783069268
2736911278
4197886228
1045696594128121858
3426443182
150488130
2928516706
2725354887
4872937611
39397660
1023330560532537354
755711148
4780001121
798252731500810241
2429340366
1005958226473603073
1115430630
1034209454538059781
1041458094142832640
1052758710999764992
1039964771141992453
940963631386251265
1045679623747579904
1048326154879418369
1072612148
792012253017022464
1052214789328564224
963835631922302976
719549740
1939435500
1050861182159081472
1045438195456978945
31271500
2170214109
1046400909608202241
897259803357192192
1050483941063450626
3258675238
1046517707087253505
1050153809102684161
1355293002
1047992078817546240
41878303
1049735102949990400
1028314283405443072
1030144506342072320
1049113352016990208
2592262933
1008858086092804096
1048158821737279489
2395678797
388259203
1002243700951601153
841025264230551555
4859153543
613561040
1047814098984075264
94126907
847262746391359489
1030919671845986305
1047731871759646720
988769802872348672
2147958908
1047350345872105472
332223177
1047301837110562818
447134101
2186993683
177331025
1045763242566602752
811374840603181056
161688245
3052258635
1036432280057729024
1046571606313701376
1046485181157249024
1334047381
759532903919394817
844539228021297152
2814506428
3316541741
405153894
1045473282844168192
858847469148491776
829944793
3435555287
1008169592055877632
187372820
4909022943
969350511668416512
219358102
928666986502131712
165999123
2229458788
60431469
2241731184
3210229066
1044796581109788673
1002408063004012545
1043176234212106240
1032641896273854467
1044184304643973120
3130130781
772398048
1037095941138997250
2745491789
1037943034506354693
710274580074635264
71950870
468796723
2819063603
226746956
1039748194878533633
1042584164879556608
874801488840855552
1019534425
2842933029
1042500787056721921
925076774840684546
887680837310971907
996502342467051520
894207139807449089
1478381708
108448691
2955873767
2762481545
79172713
1042522412431167489
1043976560204812288
1043680286469443585
2883941573
178393955
258405674
785211528823861249
1030853339699970048
2186532494
1317460993
2305260576
169978397
1036367385584955392
218521871
926290872790147072
1331730794
1020855126179950592
1042852388728709120
965265559607750656
867701860618166273
334658323
186232108
749282210746884098
1024461579268567045
794239477573185536
18144854
434325955
1042129048800047104
1041677461673500672
1042096072057909248
1042079038435676161
830975846001340416
2806586477
852888780881133568
1042043668813807618
1042043314952912903
1031672377002938368
1042024576576901121
1041916192288645123
2169264038
722978421253480448
1041840359293243392
1041794663877947392
1041788140271398913
1726683727
1041744044370681856
333500097
1041742288152616960
1041538719688392704
1041530518347632640
1041487769481240576
3311225841
1041057325627387905
1041390428681981952
3401696085
1041377018779238401
1041374983061164033
1041358425203073025
1036369897952104448
1041287470854242304
1041224945337081856
3045459928
1035556432790347776
608427387
1040734914369470464
1040732265410711553
970337414920187904
1040721568412971008
201380241
1040643021967118336
3433612492
192385671
1040585558962176000
1040535115028463617
1131672540
3396447449
1037166280548261888
819091339279269889
939921236511088642
2994950027
1040411800704090119
982589974976647168
1117340071
1040395865440047104
570406612
3299546362
809888866786230272
995995549408137217
1039977931500605440
950567301195223040
159643822
2426455321
807624010146123777
4203687370
494227112
3173181309
41933427
863362399
2699281786
331080742
1040263185398419456
277652002
56500840
725079988681248770
1040231270402408448
231447985
718501838664966145
926919153029734401
836974208940978176
3071003399
2442961312
392068018
1037751679981158400
1176034412
1040084254829543424
2743220701
2348932174
1026989694167515136
702603152370114568
762845515172106240
3245857773
251291633
349762284
1458420744
1039483707567026176
3347556861
1039985097301282816
2275524458
110523964
93405879
2757474597
725534955724480512
956587962
3072182980
793828888380108800
1039923644594565120
2964091420
164424661
758079529340534784
1039675358935740422
1034472916614873088
1039611638977126401
1028765858120851456
1039482088070754305
740666233947881474
3248757771
427439913
995341349472923648
126984753
749710612549230593
818641598158438401
1038248640505163778
1038221439407677440
882138874780282880
770369674412457984
1037706944285433856
2845375714
1010336449034706949
4561695675
1037160195347173377
52729196
3373259607
3095775905
1036571023641128961
966004329944580097
1925113932
942492060506054658
3035262082
210060947
418973008
1032662708565553152
260836950
1030643969179480064
1036142993911242753
1022940499936780290
2389283300
881211234057691137
2429186275
276106112
838190841529319427
73999969
3435949439
2186394382
331970477
1034913685247086603
3229981433
341246937
603000768
1022654861769363457
929314835405463552
845437493092798464
964615574155382784
982408881040130048
3484784123
904435409790304256
2596638895
829789645680570368
1034523137671610370
1007991967857422338
917399204368183296
806491375491485696
2170656338
4230214577
758795817561882624
1034149061987889152
2462395056
1002699058048372737
519713005
1033883331203657728
768427947699101696
398839763
1033530121477648384
400857425
1033487441691373569
257213667
100020020
67016079
1239236438
802903922293743620
2238115908
1062079260
753737839557345281
859473210617810944
706706677970690048
2526066986
1554600667
1031694683125243904
3777375915
4846267745
1014909022393307137
3030638805
766679155345874944
979413448508440577
2546308201
912116831279775745
393741739
1001250961548087303
905978626801315841
155088541
4013502441
267425846
1626606864
1013214384
1332115878
986057447914819585
1031352326139924480
1877080298
736405582735872000
1028326074558631937
58510561
1050458479
782660101765107712
164315483
2159468737
966477581104177152
432494868
1724050153
1028306366585294848
710458638561906690
242365288
338084369
3593380216
2883464123
998594817738362880
1013940394491568129
953221265501941760
1029876484855529473
1022331147211210752
1008823292055244801
299199372
1027291673536225284
840968042658033664
234246613
3130085643
4786003109
1403145661
157398351
1029088800767660034
1029172110508404736
1027019672187817984
914499212
892831380014497792
4805237475
933242666
971902115424755717
3838460793
829005002781945856
1026044626862596096
748717862508982272
718607250475126784
1613672082
1025915897033175041
1028354891012624384
912910948498845696
811496900
4093573139
1022690722229694464
504664219
1027707082072629250
782808539622506496
1008169621290090497
170088620
1011381583239053313
854793225521045505
1559412782
1026948456076783617
1026888346830860289
865967720
989253813096861696
919756351408132096
919401619955085312
829664114
1026566396774375424
1025194161211879425
345027383
1026441662871089154
827692186053525505
1026334497376272385
143918320
3763115602
242857972
1022825878030639104
1005162717718745092
2874309048
1024873710682034176
744323426924503040
2281008936
1024620904607830016
1007418241495584774
612182841
1002390155003596801
1016799223365406720
726592665295400960
1020144369809199104
3038808407
1023946582520152066
1022977884535889921
624112885
4264922667
909594344222609408
1022333376018227200
4475736999
795428869893423104
928009996339642369
404302994
1023322595670847488
1010750263018381312
1023025374098276352
792203738
824000320527339520
3397979051
2188748873
76810671
2273286664
2570057716
4847357577
747905692833579009
2347558134
849447299306663936
701771126846918661
812098543859204100
838085634828951552
1022556403351912448
1022493362409152512
1021916166703464449
731870796
1007847964096778241
2941609521
832780646997057536
1021484519420030976
1021203634107842560
1015805122465685505
805396512754847745
1081246651
2587820375
2852377739
193405766
810822132586467329
204066827
341151443
1005284705934233600
705748571379900416
943244844322951168
2936190863
1020436372950331394
2946354166
765990480941375488
1019782704861151232
866310268858621952
2822936960
1030530036
2918540433
823200636636459008
1012886534855577601
401429857
866495006458118146
716817893300764673
990952372171104256
24799473
916780440895225857
906162828784087040
1007075720806486016
17376725
3230374335
999641945956810753
774924042
792118761767727104
172928381
400976971
3315673175
997098382966579200
86178828
1921910198
751940494746390528
2407197252
1217118992
198585609
867317230731767813
1019363960699736065
900446735994060801
3384043792
917195331716239360
2848074101
957989192042274817
1097124871
3961358266
3947638822
816301176358653952
1017260101340749824
929004033469280256
928304213213483010
270022863
976960341593808896
743479736106688516
964317804378943488
78484846
711529867
934863328584830978
1013212399258816512
785917603864780801
4485754787
1019235933751795712
237766410
1009306142
788059539056844800
2151867829
1018187785050689539
331152754
571326424
453213649
358271979
2783151023
1019180348746469376
1004729269933797378
700823362138824705
2301922758
1013447955934777344
4572738675
725786306291322884
1012747226307813376
1005972289291259904
155365397
35259049
927422634
112039506
1018285015954837504
1015323317425917953
2228760632
1010570176989974529
1138308444
715289241224364037
3374055609
1017422096220205057
1017535451534643200
111757669
163285934
984620952066646017
1014633623117590531
1011674741831294976
1016103886149619712
2416420741
490558701
700893794640773120
226724839
3074195653
975364299379101696
870782934814531585
721494218540204036
2372424342
785193843591409664
715295181558398976
987471227349618693
3394707946
458462653
793601876155654144
1622954516
804404072723939328
1346846508
1016281120315461634
1006509572222308352
4496011833
238740151
901821771820695552
190829743
2874406157
754685724763557888
2946031539
1319406960
1014193520297611264
1636313713
1008001458929897472
165590403
493427233
152741428
978108841593368576
3395864067
168538461
2825002084
2998996647
3054431428
810973248
198629089
1013843849763057665
80637162
1235164885
3199377412
315504890
844003933479669760
966776790676049920
2374053591
1018209865
1007773635757604865
883626259888185349
1012867999181824000
1008329096206651392
791344090692681729
779029232
3091574908
1010339060299304965
772520001446248448
319974388
4364140287
274259919
2783026607
1012481587525668864
1012453597865480202
765605796411482112
523862645
2928718107
15179533
3101854325
1738734642
931880898534002688
1012359546050895872
1710998922
1007825280533180416
1235323766
1011737628637646849
1011673112461619200
1009278140458336256
73523420
1011403752811782144
392320501
3398118957
1008430084624146434
1010983932815343616
996541993647034370
1010694788767723526
1010158071912509440
780168232950980608
1010308378621562885
1949989244
387922263
3347197780
1009841201216917504
1009630437969399809
2226458572
1008445389836562432
985136925626511361
2551127788
1008310568258809856
998968917929455616
1009073316978667523
219284875
795813498
441221528
1007668587081949185
4405782323
967500903443025920
854636685258371072
996123880912769024
1004103297677000710
1001592191658192897
1002651048773906432
1007729077766246400
84707501
1008199826885005312
151690884
1008037084404289536
1008005075011325953
914259828645736448
880770919
753243641158701056
1000087063176384518
996544469351780352
1007453402077519878
982804082128752641
89864494
1006123943181410304
1462135201
276145645
1007107136604733440
704348952657797120
1006907714931392512
1006546092517920768
140039287
1006347439664705541
342258156
911046926413463552
1422197250
889107115717087232
1005227047592038403
75075260
3337723911
1005078785207742466
584449254
957053939182178304
997521248472260609
1004500811655864320
255757537
107473794
982943821196644353
835653419939540992
862797119861788673
980968744687108097
810663076236324864
1131769903
942118129718775808
1004551786022219779
4230146368
318084068
4601105001
1004433496390209536
1000889781570691073
1004396848440922113
1225990340
2850029320
990407634145640453
242718279
2594037240
732699085912875008
727252356279230464
753995545769893888
922566807252361217
3031780041
1003818738012033025
908439002713346048
229121492
1002328580041388033
722955076357242880
1003810514559004672
758417659671248896
338793999
2957027339
1003624420504686593
467343575
80856430
906281683896422405
2842647875
806194273058258946
1003405447896944640
796291274097774592
1003293188780625921
808023691867160577
1002593010796941313
3103100529
3381214486
1002925312844451840
2623423401
2449990988
133525570
939668221
2464957662
3408987777
77812145
815729334119972864
823022917168562176
183780534
2891989727
1002577362083614726
795654021201719300
1002576191444930560
1541523752
1002558679193878528
77742138
72157618
3063387567
923551039986569218
558316362
70743111
978719442560528384
4526844616
129357633
2269947487
992470918797692928
2990393031
1000131478284619777
591422505
3309643762
192594292
203780622
807374134477000706
4400787202
985271227764879360
929503619082309632
1001667763092508677
954747788302213127
1001613886976602117
1000024625882042371
249292547
768065690
1001534064799682560
939165198295945217
1001272570753245185
40685731
238662101
957028434135396353
210281324
127665772
1000950219197108224
745797962
856179101341814786
3201660460
142835647
1000173871297900544
87266452
911268749214470144
952944267772727298
4750667843
4611897286
779871695079411712
79841364
751144300524822530
999490039318044672
997635078753832960
999812688241922049
2551010365
823324901654282242
897663223419342848
999637748595257344
973350349435293698
4684973221
157763880
849445384627912708
822531923084017664
903660134307688450
2380889466
981459841049878528
999780648809390086
905975205331443714
194181372
760068923358375937
793235390576599040
159273689
198325385
2282524879
829785470347390976
2997775440
309907374
998715256863158273
998627010149744641
2611803841
885178866607808515
876867175998533632
2408431015
967827725489725441
994610231211712514
966513497235476481
2519120161
747227102022352897
993165819172610049
997859278567419904
138817801
765231686145769473
176957044
880581692033036288
936633589474693120
81205833
3423275765
781289786170564608
246002276
997572260025204737
50650910
898652586575880192
365801979
227040393
905973017288863744
838577890069467136
3031573359
763520265477324801
39405495
1370741683
983834645421875201
996558730929025025
3464757801
2523381263
865392692758544384
996915127487287296
753668642978619392
1541596483
907088747983982594
226155432
3039569158
925056302904238081
2910298108
993673808727945216
758698136353251330
559890704
996205308857987072
996109908532744198
91582333
2209348210
995414547518443520
2462936433
1934456023
984646831945773057
2536027279
884123297537036289
3082790236
987833283256967169
817882926050344962
981508130721976326
887135052328558592
3847202955
790343991283908609
993991889987792896
957431424147222528
4898475676
482354758
990036924164378624
853719229413154817
2302196959
2953022230
397671686
141759557
556121115
2841144791
993234832586149890
228405501
992257870291910656
378802006
972933105928548353
990304469840744448
313720113
953067923190448128
861323347283595268
858124701788450816
303167380
198884980
987403911060426753
1332178250
66393468
755333612841668608
76659760
991996453085220864
760116341114302464
90233002
2561954085
528076382
183872822
3949058657
1598767368
127306721
2721391373
3331785147
295136295
988857040910110729
2374912899
3314119095
4616858062
2932764064
737447374977667072
926786088198225921
990368286574628866
1641607699
133400174
3080914034
989863061057146880
252820990
977413529581051904
939294390723514374
2460544519
379203015
2584637739
900488382630985728
3258785236
758318089503113216
981917162712510464
258008561
724914433345069057
838840157553983488
382634173
988397885422260224
55430565
615569477
2211021324
115063845
3435703223
1648119626
881644763870572544
956827095426129920
2238324973
978281237239484416
988591534890242049
2793373425
402103076
861661251658809344
493578637
84707123
313413243
978969809944760323
2951608443
968990029996527616
259337689
3031473201
3022177493
113111949
984738716513132544
3341977385
1616727056
932266896
841598801395761153
759153025755783168
864651148908793856
710807268632219648
924851862112735234
986944682986037248
776919827147612160
25595670
176200948
206771752
2329403160
1876403264
773308593630220290
831539778
2801232376
755174898767634432
986110965656715264
981730995518009344
26136926
2218360707
979372154
251103494
402888443
725482705153089538
830076939167731712
985154707013472256
499822146
61077817
4262009932
837899442590199808
951474276003188736
230122445
303457868
624002789
2735305045
960606248994557953
1493481368
1663843561
983117546365825024
984614282162855936
93854452
1522812043
103955666
980796179154980866
370812930
4159248568
1134395706
32467816
158809448
707451935557816320
299651279
2482997137
984135341341896719
2757291923
4570149041
892436330046783489
983846601151143936
983830227460808704
920756238467719168
909280619179511809
3808520962
983662111640510464
1206527780
982255869793517568
983434807932784640
983399701998432256
828242399247876098
153215373
836823240085540864
271213354
550144228
982796524252954624
379751210
210658475
730833249795198976
982442336771854337
78466478
849737120172429317
161833556
226586971
66404524
276307786
982000985970266112
1010104968
4441492521
2339961028
322724011
940414093
116901804
172868902
862446456430526465
4439508742
340540623
467009437
981260452826173440
168194679
724060331161620481
973723650753990657
803297638959509505
874381884419170304
3305233673
4023904641
1231927884
2851301206
981147351283851264
849373662541213696
257710740
1539880494
980943970091008000
1118120911
969706075070107649
718211192834154497
957901225
980837174030622721
772797947088175104
807693611466948608
2778297089
937687856767799296
362750526
928027887218937856
975188719123816448
3426957675
974332389261500416
2895360453
174436122
979517300784103424
2262902229
832389082424688641
960568382935437314
334307026
975127474962132998
978378571612909568
1876718101
978759138665779201
978022380663640064
422778461
917961930047881216
2967810033
976540353049350144
86167055
2234552324
974350703199244290
1327765501
899696157550665728
260368061
2563582448
4322008300
415125655
968129761
912769752346570762
4804461514
3101840375
198648922
480452259
3732745701
816425433755504640
3018928053
977928992249524225
822754747203645440
974053359744364546
796331970057752577
4379701217
28629200
977249328610897920
336091923
276729196
726779488911130624
105227355
976473134416134145
247851445
2352848819
264825169
976757484928028672
924719776378884100
967238068158849024
794612786
225971464
3437169581
778659701647106049
3053501723
4309176515
34871994
973931997109346304
4877177704
4675562059
889644733911494663
109129866
973702742505123840
606780821
270850116
3180466253
2468520874
1445203814
907806011762860032
420222672
2890248035
924305492050104320
723183649164652544
188890354
33045484
745327070671175681
976126626672054274
1869937262
708118732
3364098676
754267207748714496
875182558174171136
2729424915
3021928732
3216904055
954541196424118277
958494321262645248
2944823145
1608828128
3386399001
973974782227165189
181622363
199104420
709775113252675585
939271907647672320
3386024997
1895871354
567579299
975474201124593665
42232467
4288707149
973587009737494528
975461631735029761
627505231
67190335
114196784
975379123181883392
975323893610242049
974353342888644613
1556404382
3663267860
2297750453
818562389704589312
3004448847
974022328953786373
3904395506
926450939325710336
974299480999817216
884218368768782336
964671377285570564
72974617
951183289737498625
121163766
779394619092168704
556498344
90037339
802994906608398336
964499658751045632
957322589503938560
229522563
108339657
1405557049
1001580697
3037778411
1694632694
883919204453404672
770731164021710848
744621867777024000
311694360
783300296608976896
272528567
2866309125
2550661493
612557411
1214250816
334264245
234440312
3243827848
973166710982369282
289028854
41400871
2151419472
852500630581239808
93441175
731630340
900396326776688641
2306668522
308828892
807406175998406656
2208592805
183655486
59842189
3603742815
832622614354878464
708914405220732928
156818998
900464726714585089
2952423903
2565885700
2957444669
2543859892
972965206287638529
169784594
966475049657094145
3027157007
2312718011
1917644534
229265162
761936668354043904
69895368
796437300595032064
918211946897444865
2970551651
163607956
3997530964
747101308306493440
833878946412392449
967160383705317376
2866385141
3026670267
800741833919733761
2227948853
131847554
119923992
114489941
1385150972
1671627692
861328540528246784
861054425019932672
925520464440692737
799312529025601536
2687785365
4809328701
973609400458993665
894366780289941504
256936163
2612280833
831996011644125184
3405106594
2148281152
833840231564603393
617569661
47430097
469720116
244544400
2426141677
1936053127
1046464436
2288773438
882425973148459008
1613500429
866173608493809666
2390310546
1232020604
1048164626
2439092580
973149048399155200
967776523804663810
906716970023833600
59926999
1603452493
834932325137977344
943053778764353536
515967163
695794057608568832
935236042181038085
748664669058007041
144021799
3145381210
233275324
927370940626894850
860130534
3375046378
61868439
3413858325
109930109
720016479194857472
81369352
374809109
334742038
225429038
211352807
757616066294063105
335355698
972612228397531141
123960234
2205800971
848544650155700224
4858906787
4243118266
970800781044731904
81994268
3033512010
463344437
1554067344
968799607
363414920
367258186
1122463040
395695939
774326965549563905
58278811
3317389433
1563686425
932050183113920514
3401669925
1666287541
165503860
3393254890
166184828
177778701
971577797687894016
2790668733
635990078
260493473
338493742
147333087
926090639401537537
2290095896
3318554219
563623067
2290458703
2292794986
3398187755
965722016233000960
884408833803784192
340516888
289684916
375253974
1384689079
2445743399
745438024150900736
971156619794026503
3164251755
2794649363
365737179
179270699
1215955014
2624407901
808317370427183104
783121398004940800
3396036659
330980245
714937899570053120
726255727812202496
525512940
794252467664027648
941738953
471935033
2965094020
2945120439
2726406520
2325894242
2493544126
951675779095678976
82219442
2803739033
969755086116343809
3300906706
3347752973
1472317297
161896176
569529713
968708491987873792
795607660976603136
2958991497
151310969
969223342094995458
382210857
2732101289
907716820236455936
860066580
4748228866
227866751
859118326055915521
941337744298708992
4902443476
968458326093828096
3288534587
208777635
4393820176
379425609
781211218111500288
363372100
886581408088690688
183394005
1541035322
967478160756486145
1311700994
1691226907
964624574322298880
1403029440
3390243501
967193836400402434
826100061117505536
556509799
927226033715195905
731582444781064192
830195879319568384
3891969573
2730534279
2838561436
933883324556341248
711410261257801728
1915587876
906187148465987585
114509998
742836121663639552
2894908173
441329768
4006566562
990875953
729123207433834497
3310989615
201496871
307360611
286738097
966111632165429249
703957783
962670404249751552
1314119582
900476766288007173
950219662498893826
1852185750
946397694750347268
745429773418127360
2416756314
875184100608442369
167756495
899249449503006720
1599309260
314547773
4786864125
3322064187
961042409063895040
961745970441654273
421345469
944349822777163778
842187419495587841
249220344
710048479
1378249507
872803140680265729
2360050089
3354232810
961011193627463682
731175293797470208
3010644832
83029325
878799902427545604
859861121473425408
413478116
3438804345
819928283177504769
268891085
3777430577
2758378169
258589914
4217200205
797088450558226432
3053874749
3376598338
3403484866
2749026682
4012538716
964646474721177605
1519401944
799446786473676800
953185949793570817
414937153
939124948437819392
963793189181280257
2912119684
963644941468610561
962872677613613057
943677228621205506
2949463265
2214034896
4377106223
4799043519
962087888589606918
163259163
54881246
3986974163
943644427398115333
769875790225936388
1069549393
105029341
112690789
933060441391149062
960376851460968448
387350375
896612713849397248
961292548055724032
344287872
470463211
876192567783825408
1055162666
2537412387
749759220531204097
2662810359
2889823581
4874121711
767060790201417728
913911404452892672
936566188750057472
1526218818
731247759374880769
263834296
911424899947917313
886656476818935809
27272178
2796759561
109074109
1895596256
3365231884
2349180932
517017400
2719852899
754365827441393664
3312601457
3387898589
384654089
813980234655666176
3441099569
3383945391
960163310959292417
932629167245529088
514462580
206920014
2388193454
938955247036321792
958424569081139202
244704914
2453697029
959137508117368832
927895534018457601
958889353366986754
1660345440
2689713615
958109754081140737
900874240903270400
1569616441
958605938818207744
485210208
1669070712
1372628766
948981433330171907
4791560612
881373555195248640
360852184
891728610679283712
839640092838854656
22759425
1898266058
196895097
958064469267107840
948894709866430466
1676298565
2230437343
1257622202
1921649822
1955289606
957948540436836352
4869131187
353962958
3327896349
957671876070920193
4894862043
900498971734548480
3641975056
163465197
926079137822969857
767522124139466752
3296958281
957325447230050304
3974075315
4409230228
3131630061
1558905427
951089394299080704
890898404880076801
2875645209
884585658693685250
3229692083
892510970916032512
4410860122
177732883
886915343591104513
886764245714653185
4739316735
295936802
2376318769
137870107
4242236363
3392306914
955814075832905728
943827263849684993
545184876
916471325300068352
905966727158222849
262434086
70559207
913912852964093952
905560870662672384
126290744
50474639
181598490
239030136
93255923
1194367662
228227150
722055052345667584
896111134792720384
3902043688
951629823448944642
948918101743202305
3105134055
91673557
2845811734
2511180179
4222546102
761413329650851840
3031489017
2305408687
228437338
788409099537027072
2874363861
313596900
952229244947587073
124508721
729032308163002369
3312135711
952016050262085632
951543749489905664
720299486300377089
948042416279388160
882197191
951645913583407104
951488220239486976
2336210409
758364846526230528
3095487437
324502358
741249777107668992
874070270
840364245808230401
334973015
2369185865
2871803222
371721639
1107648667
250181310
928734035614027777
134262324
253986103
2243003623
716295066780835840
884805503569801216
1071952506
949101669522067457
875756736484921344
932767126225604608
948700134120067072
934960820873826304
172099524
948371689775226881
946582473462484993
903333029447426048
707655975780614144
947702054574837760
212964250
319938418
2414896616
946896356244934656
927686682933170176
910596629123813376
391543412
715331427026518016
2964570063
4744116682
945777347168555010
4465482255
1623984590
925674124403462144
47107632
944709396558483456
2965327205
941758983777464320
710609962796519426
3001390371
943683719155593217
4042445763
3409610001
220079746
934962536314802177
1225902367
67737731
885184796552548352
4353536242
228911309
867032778927476736
765857766942662656
250694262
921181780820054016
930585339462406144
942187239605460992
2996470350
746561194656432128
40582878
932433090135449600
2828658843
974080214
931333507393179649
290307048
21005785
2864362887
845330049666551809
2334284143
3387979913
138920019
938382024330678273
2970153909
3438370727
938837087796817921
1308570584
1613593346
79479641
765663203124797440
139864820
724424905836642304
3339271139
3669847337
2732970004
797802634484838400
130591668
704154802
58007697
2644301855
189249400
2685399013
918910772633272320
760187782753058816
3316605820
3303076643
157086616
940009365746184192
935471004662583296
2888653649
4843646909
1244747306
2595646021
283618783
4924047749
871370490224529411
2925420915
22133654
2436455361
2967029488
1606608529
1345262592
1226348671
4865785385
252796558
152809589
2548367418
2730398765
2831463033
801037776074539008
932792277973524480
73512315
892043749743874050
994909488
732735528311894016
770746743231287296
486044316
852277176124796930
1031127602
2640604177
919750017266651136
1606774766
2434720724
2264556241
336130509
734210687694741506
1633151881
4112082837
211032394
3382380178
914284180590284800
938310698186264576
935989040192606209
939130971017940992
624208625
829063175832268800
69459833
4872458380
928243111725293568
340032971
205367304
896005984908398592
938468555452047360
883800228780007424
3092192956
1389490944
843642862050906112
62662823
67379541
938021648632082434
163935258
3035593785
741253717
937431609892048898
925132193688707073
867135776156508160
2548549933
49331819
3420970989
1265251614
931019276
908162038609915905
716598978
165798237
243937524
844022060934414336
2693669273
760790901182660608
290882161
754850358241951744
937040852580519936
756910758450065408
2535503672
936911444255367168
936751513099210753
844261728
4504916261
3957551717
447550966
933533775375536128
2466528492
932024044001595394
1638647394
738058086724833281
895475145351016448
1486299174
930431257602818048
308622518
919578745811456000
935247082599997440
3311016425
3361601290
2973206351
2758829091
935342536020897792
724042853643640832
150423323
391004210
934949988286763008
2582723198
345503180
2832847660
918993652013322240
4452660208
2178673569
727301401555116032
957920923
270578943
4878808035
222618168
781552239848615937
3066505252
933888199092588545
4027024167
206815173
73999299
933345312541900801
787409289770110976
789797118726795264
2348824955
3874631321
907029562927742976
737691718829625344
4260669569
155676367
3167738261
3229766002
931638465116205056
383948547
928296164683862016
329734001
917079320765530112
2391056299
932710961231945728
291414361
1681904474
932639992115015681
932327111297290241
916440092562067458
932345565693825025
2305565011
859777919278821376
805746731598172161
3247101894
782188349192822784
3528987015
3094195031
173230431
1737627648
3785219843
1656804890
51863325
930587901225816064
46100120
190778093
930153535085441026
143215257
3075429580
3540048796
238721376
860681451989348353
247258638
810830944101920768
3308764593
875102339190882304
868681860804694016
2712309038
928794531847462912
391757367
270466540
717881640417107968
221190473
2160832050
145228979
165109421
913447439084015616
34303827
3002281632
885782823076069377
4816618583
890038582152491009
75434022
141249790
928267748580438017
824783152929452033
1205512118
928379340814979073
3395987501
928339738922291202
1018172420
3408886187
1599629660
68732306
2868373641
281265351
571180582
733003374598197248
918132902994554882
972971610
426006175
767490824926093312
3348457210
837593317
2851585577
927294783994978304
342235413
917425305240948736
231948289
920486454903689217
1014869538
499712800
2946925024
923196088034656256
925896698840408065
704830965542092800
1092293190
4822660114
925388805573660672
880884072712679425
866534145375305728
864288127669633025
905533820656594944
703339152587235328
3282783679
842760553298911232
997788709
930919308
925046103279620097
3430721607
4896462009
1881759326
1260209419
726487116
2803954578
768410840
148529280
1594014798
3121818802
586623870
915780464501297152
918876764759261184
898000825917767680
2590161391
308703458
751563219198742528
325886709
922963160738476033
2379562588
788711876477812736
892729574915788802
922549468679016448
281811539
203649185
861315271805607938
2485886600
58666740
2979892179
776834159553679360
402949477
1858774904
533809100
4623010959
803389284464164864
126407289
730513336497012737
4635022731
317379699
3362696561
821195694463651841
2785272273
60939174
911033359471693829
728346758292619264
921099985227321344
83442370
327188972
903630895705456640
304113161
2965276966
1115600810
859637266578378752
3307420431
905408294960988160
920612692544643072
755501997579759616
355835149
822177244093222915
1205911249
270060265
24725198
2533237404
2288736330
4595887337
873653312880562181
99342306
257544145
334391322
3562424296
318723967
567217499
919581870135894022
897389327474229253
919177193854504960
229929084
2762089619
919178498174083072
4089816803
919518310735253504
436677029
866347816398053376
313613701
915707883320377345
3051481454
796735057054535680
710103724325212161
106397918
882664451643764736
718653812744065024
729307651469881344
918148332727529472
844307929289408513
1239454975
917746734289375232
103645235
888378264988913664
2731266189
501162901
917983045952655362
834015978182828032
918079826367533056
4874195231
916392717415890944
294181520
1482807097
931130095
900038554893594625
162541064
917030143360749568
884879672252796929
917125335577186304
868521441217720320
144660680
521973201
995868056
442337269
3246807719
562004993
547954554
916157241262247937
258940876
3187778224
3337521569
893282117517328384
67769017
2987160910
1544288388
875369708954025984
1123362732
915200990214750208
330737998
3449682616
197944449
1953044234
173270048
1511825532
2148255573
892754510069854208
299195447
27588118
914665123939340288
873265815298215937
3035726301
910911581311160320
67031692
395493131
2762531735
3097269893
4814214143
913937349746348032
913878630337536000
910976322100441088
550743933
66138272
286463798
913558211957022720
913525596474548224
75375333
87581034
751710029754077184
1126050276
1444717105
913201174626619392
2395218920
239843851
906368925398691840
913043076649766913
913033451493904385
911742974811365379
912873035895537665
4035123509
337873909
411820221
1978772185
912758796371537921
795040122039398400
839701476276649985
824333048904818688
161839757
1323561752
912488825456414721
910582331232129024
3369961107
254205869
2875119017
73799164
187364302
445019670
1465952856
911924630394458112
183336745
711360106466844673
892397928
911953675521847297
883685513928036353
4378558035
911642353554870273
837317377746419712
97977302
1976840990
360118476
1397330466
910865129142669312
911084665997422592
172113655
902270241245470721
1480768123
157068058
2338604698
902325422330978304
1224626899
910848849006268422
3073997735
2451939300
295950895
3008345734
895400071843414016
2613684374
328712201
809037346549153796
159893326
4774042354
1339636519
910106139966283781
854387212917641216
905753106104934401
114806196
4320292589
417920476
543779324
396623337
226789925
383567679
2904933779
3382491665
2350183981
771510512857341960
3298685722
128962413
65685476
229923607
710845567950299136
1472949402
2580795560
1265783304
169083129
2996995324
779119164199927808
1409135712
2497437556
227664170
879672063929274368
751346329796870144
2922004047
904497914134892544
481628062
155023829
2238504278
184917325
709930874729529345
294565813
727988714668994560
2252995373
2884848777
403663874
721337222277001218
709730002758189057
740373730753445888
56601969
2941829447
2734464593
2199440662
304690962
3153075508
900858328301154304
469544889
3858706041
127309252
907581050922160128
154340760
907433625183977473
3149782012
853594543207350277
882227098802429953
896786591661924352
767117825039331328
760341399082590209
907283626294960128
220521452
907229038401478656
212914076
1235195282
2986480059
1568508198
443094473
800122838543781888
1349544343
3352693757
1262804371
113085663
782004933080014848
307413564
2564487305
867437939202158595
708736102
2772725163
3048180153
875189826693337089
4210417156
2569701203
1002377148
268535151
3401599942
778031202448076800
2391100533
438503144
1087194318
492535109
905256452180373505
905233258622984192
905212734534545409
239863871
1939287007
2584235194
3063209363
160304281
1703110536
839862547390005249
899397666408460288
798646922
2893524365
837102450062594048
273120844
904862693718413312
903384072726163457
3496196897
704272011044978690
869613482232225794
904524625211789312
122945626
285735030
396050264
902898690981060608
431936891
770358482889502720
2416639059
989634782
888950783177359360
901839511067484160
3436209059
871873343204544515
3185794444
841406277934800897
861000548581072896
828956912075042816
56161073
108013542
865586518248837120
370289298
2713345939
462317898
899101976235057152
3312132447
1347634932
346179889
891513040117563392
2437010277
898647039134896129
281627392
3390401151
597648440
733120465728868352
282830018
861387886335315968
211275150
3288775277
165611183
897561888518746114
3240247143
73966239
903242700740333568
2847876829
902983945888964609
842936743628357632
850463083843768320
804144974279409664
4529231775
1599519228
2966116600
392234905
130576159
294742105
848272318145146881
902204288558084096
777999548727889925
2732659325
3130363869
740661214439723013
3052811074
902583027477467136
106488209
455319208
3364214883
1075325288
1242509665
452378286
1452931100
3612863716
851369198
1092457664
754026183973625856
874797925871869953
2485075006
902302412106498048
2343791932
1373184378
716777996435267584
2646753960
235329864
842394492552531969
885733707046375424
879000142023720963
253130590
2350941988
519464817
178197515
2728988751
3335444860
363907820
801421720741707777
282140844
198472213
2676952684
888212346874863616
98756262
4055586568
133004779
726554640024739842
1266899984
856753958
357108679
766607857
3367504773
289421580
2970991367
944384671
801910131046961153
404330678
841673854972022785
775720092483158017
29131627
1470646182
892742152148701184
876489107534434304
2196994680
2980185831
894559765464010752
442951310
2599079589
335967815
2567390132
756500093356875776
3291997933
1684696406
2251375234
886439135107571712
247482428
774711278514438145
482901759
336614830
435045890
338606397
3763259356
3776010989
461524641
890935364185194496
3354400571
184098309
798339950097956864
858840134602641412
2983501498
2799327101
3124437815
793552050240024576
2973641703
155653018
1286061655
898597414378012672
156053103
509355842
3108486435
363358377
345570171
861414937511546880
721722288685588481
4637179947
896937906270601217
735281797790109696
3080269605
3410518475
870060797631893504
897524323606560768
129959677
2240769271
869907172825735168
3120229703
1231269751
894006449839493121
886434361205248000
823259048334200832
2304576621
867442200455639048
2289566778
897067907854848000
723357140040065025
2490258398
887859664855207936
896560522967097344
1434541045
2979124863
2170634748
69039692
63120315
210465856
386273104
67794986
539587185
4885870023
828403688901328896
3052754247
282363850
939460938
3846085335
896271909138124800
342131094
2740902859
1716218924
101042859
144570814
138524956
3331893461
720542108
2733756154
3045331404
3400338268
1551034675
846482901424332801
203295035
2731994740
2956355571
230857302
3988167375
2968935441
743173299564228608
1384501674
4904740869
4843719531
890024380792799232
132020555
477198352
1272397244
64841610
2756684278
752432337149919232
3416476121
871573290174869504
1471208359
1102832160
3353573381
2891477044
895300258439335936
317047770
169280909
2887962161
472884949
57522461
326522431
2736792533
62560324
41254810
91686931
892943342522298368
2266820202
167375639
284303521
735280077429166080
2670336855
383314021
336848115
1908775568
373397940
4082941275
3304352824
894728781012848640
333149013
249837835
1138139168
276685740
851590614869266437
4843656634
1442197927
97020451
2312374708
280666366
55990941
3420644411
3376891192
813539376303054848
192973574
101836648
1934960065
893162672790937601
400497581
81417660
4017352089
3239665311
1516908823
892625565794152453
111299747
2200586356
888878161928310784
787413119270281216
279171931
2593793377
569618406
79028475
520714371
221841414
352426935
3644105057
1068845514
126504164
54329451
302152966
837108508352995332
179592384
1880902974
41210182
759361700378341379
879362524046663680
2421487252
289313261
256145269
780822845714632704
810067181031538688
877900585915305989
213416329
77743679
635696939
367319768
1395199400
80726152
820048343271407620
2560258965
892097865182564352
313442448
807730862427172868
175823682
868082516
286440694
869196994899836930
217834167
1621130324
65085850
3240883835
821468499159748609
103338859
885987326706536448
189540885
890655037243969536
3058988716
2979813605
1232617584
890403730952257538
101593624
633835573
130662281
91803076
339322238
344371475
3319185891
3242960219
816391464796164098
72098931
500306717
2480561472
2983974826
86549307
217784835
3431479726
131995356
2266624783
3392849313
813056570762362880
2456581322
2946394348
474449200
63562345
884928339881979904
4028157544
745417128975597568
718954923619184640
170848117
2981329083
3492907697
3409386922
112468905
244278741
817089467186053120
379379146
632537177
456198544
782397222365360128
993413209
320755246
713442218959355905
3008903349
504431214
873906886751420416
1470441386
277487968
130287871
1628709602
875464152
374507384
71110761
1621134698
173627755
3364210425
8694262
889603013219930112
2548964904
69160459
738888872
888202263948398593
877378822923890689
52448575
155377875
3119516308
2511292979
38179740
714259029275631616
288270632
1345630165
4363458022
2263230955
2502745512
288993711
713789306012303361
159915497
787882820681117696
84664105
634974331
2775715325
2740118429
188785794
68517835
240436278
2602372671
49085978
888455833780146176
880092153732583424
138803774
728410626566000642
398851479
781232435791036416
306841579
124292084
262945115
872982709769048064
2859601719
122476721
744978262875607040
3725246956
40256025
122454368
711626426601054209
329814857
814673511520358400
191919354
494181107
112802550
867889497157009409
791108184257785856
728335632611823616
609658017
3432434080
882262663371382785
37645013
730771096371404800
247920485
859804658
2395308286
239088093
701745433991901184
730108074455871489
2153327890
735989151426879490
3005647403
2331384353
3295516841
91637188
2244746561
2609052072
2660546794
2254114636
4828421903
2923925843
4405172243
3347544682
856231424764121088
239572746
885954482252730368
306860915
349070972
4069642756
247775828
4340638043
717194706
155247944
2846262970
3434813722
868092423783796736
356545082
46259872
874244429900648448
205940653
175503085
883058292368564226
3258524607
881293436707635203
882258034621370368
3390128008
387314544
190361071
130187599
849457989832540160
864306585597878272
164682400
326343855
3494481135
2740305378
1426604826
90749568
73295703
2806447887
780182653043609600
738227186524663808
185447219
881258706436075522
2598826210
880880436548947974
173286551
824471542260195330
880488832558387200
2910079101
1733043583
332415101
876865908362407936
419645045
814976842193047552
2884851234
176100865
263820896
241216799
400314868
770786797446107136
3431543301
85194915
259479114
2737161483
1599367123
708444857266806784
1590949897
245081568
2939404245
354302773
157388142
2228523996
807932196183015424
1583472265
4134506655
780252672247078914
279623503
814811221870395392
218635735
768272647520030720
873953475712909312
2846490175
867845043817783296
350454297
761632796293095424
772843111949209604
3437386546
360216027
860578646809088000
117852637
46666222
825924853534486529
811944962837331968
312740735
1455741673
82690075
67197321
874783442189393920
57233477
602961071
760823596243685376
2973092457
876804660593655810
358558742
99556821
192739891
804022487847751680
532689047
871885387383361538
236941600
922096609
2750568053
871722074527735809
875818439243386880
875898645664739330
4570313525
875779728577359873
860505849797767169
578605497
713002107071307776
319925956
251773126
875035144452800512
2743533214
874847182981091328
865176331625136129
873382809674686464
860392488686817280
545559781
3217854658
873551767744778240
80582087
2550480355
367279303
2933542276
153858887
172047890
379938558
2159867185
1713359442
145304935
74486483
199445917
169363078
1452021434
771026463688626176
2247250993
749656790116204544
2872577068
824469693880827906
3397936246
1681907162
2751058289
859192592692649984
2676680134
4862045825
4831282091
122943277
2531785859
1460054077
587799868
1377929624
2500123726
2604968093
2241521317
559843250
229651354
748321187395166209
622217386
870308271479029761
316892377
857951187441782784
54105916
3310000612
98695599
731863508598525952
167919474
705523651047723008
870285222541238272
590561061
311505248
194324885
52266804
447575817
741000285083033604
869772485931266048
863908283492564992
2871608598
396777683
210582135
53702629
3383276915
1324466814
349261845
342296285
3109224400
2924862055
302332675
987715536
4746645988
363878917
52194849
783806091536793600
868969625568018432
336151124
256311358
344843477
792776508062466049
722596957622022145
4870836316
2872343871
781472099902849024
808850824541642753
2720144907
2263139981
95945756
2973906155
784068468228362240
224310298
1488032852
859931398572052481
3352518581
164116369
4861149427
1262592204
381655915
866768700183072772
269892002
161345751
771042860191903744
3242671960
38042895
795677657027452928
782714261223211008
390875888
858488413036654592
371780103
794619612
866116267580772352
865163639854116864
707249037418876928
865624142334246913
88963541
862094130440228865
1099604701
864980946310836224
175918423
400982789
3957719001
2400677789
314887497
144418955
1379829505
135366091
98960047
89755411
15271196
2399068681
3359722901
1608457555
4901474104
1162307383
258035721
864235712270434304
1474746876
847903436612005888
389617780
857798835325865984
41880842
198024046
134648861
77081765
273593621
565626761
863858177670090753
4078225455
746899639677370370
4078138515
862506464669306881
749791059526488064
730917966716542976
807272127695044608
1048141728
838881992850698240
731340024843780096
61011738
862660645006835713
566715488
57709364
71678023
2362993183
3119518510
2677434471
118480751
3435627250
719694146244624384
2710420416
835978990376603648
954529308
3486270257
509383886
2502701939
3158287395
29497334
369626440
816406544682221568
1835336287
1195593938
3838689808
729449689247010816
827488872485498880
3307574291
703663028592648193
713168993457205249
223456499
861579183079784448
3310147797
231071518
304495802
1564253215
726150437137715201
702816652740665345
833477820089266176
1037933262
214238250
2968810181
1694903113
404389844
3962286267
1080248887
860465249916506113
823988992144244742
857644840678551556
1641068508
1080071388
139100884
34159448
2518901020
369670062
99171636
348047001
567644999
250901626
42137608
859205174296027136
282820750
2545058958
350300779
3047290204
217186074
138212232
243745145
1633451046
721100261742219269
798240729000767488
1865981138
4914790103
3019779177
1706038910
1855816878
2634341118
775327548049883136
571268447
120330032
1242654948
705249485
217356874
309384405
3496099817
3413940201
77502318
255105786
858130918413881344
109639385
1436372611
2988326715
281803699
1345563732
2958574535
226429917
250749646
2384374070
306532034
388374404
299300092
841457964800180224
854831367686934528
91857692
1613337420
303322721
4842549988
182201714
845993042280615936
3399354959
3095668851
705874609988636672
4822526211
856984724245491712
832265317053263872
766243761601015808
227308892
856471363548217344
104962130
1529174408
57827366
175853780
3845616221
245104690
856031347764330497
854140530414018560
1915845284
4194793541
4034423235
1038070723
794692740244275200
1015104318
321604464
4580250341
298091171
1226182015
704780505431023616
246036101
3442262597
854132326082719744
3384025582
2259352517
3400595913
2995910061
3358734389
803645929005977600
853971942495465472
124230402
3375348383
2338320093
2266838241
91611190
2553185381
2295043692
1575337206
842067797140221959
853732578565791745
2165821515
3034766423
703022523257102337
706299868323704832
2904862157
3296140791
3711357975
410854137
1354976780
269921178
478711697
733088149056950272
809423247078985728
2460549774
1615682395
242923317
367786500
307022227
341707515
365148454
158829633
950830310
57844247
2620394843
110511436
823621616433250304
852729826502885378
1909603764
318595293
1245110695
245442654
222941156
851947967661715456
2510758258
388000049
840382928353910785
164841293
842433104207843328
2258909753
60939279
2386890220
257075516
159593697
2661851527
836246124440793088
1002989838
851499197828399104
2635673643
842025592014962688
363328121
3835018636
851452528621387776
851454062109364225
414950421
113946146
51055760
64785090
849980485824655361
4219901909
810622672501669890
1603946064
98530745
30438976
2581121167
597761521
252148695
174826178
779718951144161281
72098121
93333085
2977536509
53790747
354622635
101354906
66205613
3571301896
1210223534
4530098002
3083467790
293816851
82768687
414384893
361389998
45690154
90161874
275516321
706194471483006976
1205152970
4574932695
258078645
222856424
126043732
271489611
146079969
1330299505
371871844
1390408818
849945472760414209
3378818397
739326621434433536
171212280
230734954
302229881
771513486627201024
1576699790
707265610791702528
61934605
1143318013
3538320981
104336088
783043305655369729
450668362
3300082085
230595863
1551615038
754176693267464192
2286827453
40219469
842546382233882626
61360621
768191997563793409
849087291716980737
363192952
92868327
824289485890473984
3167111213
3156804397
3557011882
765536783677452288
283533603
123351156
1305668400
260381407
760162931506110465
177538369
132892435
503381392
704326049820188672
797476112
2750747218
338489204
1666309992
790257787586670592
763799533419659265
2826281482
198600643
2940219513
218346227
38935859
4094798121
358430853
1290107191
341801075
90662958
3642382817
336617866
1037934648
405108357
294579998
233652386
131566586
118699298
29793152
374044999
821360493852037121
438440973
1945373046
100602735
847542460238749696
2713064982
84944095
2328216177
315825125
258587648
77088959
203759158
357303102
830570598590009345
1353134666
76694958
762445382517264384
3013403620
1375895017
278625435
388601224
47763750
42229570
81480602
3121074169
197409685
2767784735
81197745
721749283876270080
305670134
822955607477129216
4888452635
2604330608
594820724
254203159
2612616469
83162455
1586972234
846890981505032196
4002360124
404376836
195471137
700442129169047552
138183060
785950549833314304
1117875020
254209453
1236771392
2542028964
539451771
177772943
2334807520
2727682179
426939013
2185406162
1437204523
70136381
1499522720
533534657
815930432286060544
791675439454576640
758792159361429504
767029024547823618
4872797573
195968990
301155671
1367626202
3921867257
129965304
2648782451
1103822179
112276949
2709595186
701883966
186151466
2233227541
796128880478265344
4443670642
915717948
211688153
93415652
3372977507
1125618199
1265668844
815921347431907328
103106445
66026990
3039822112
159878619
301603485
177250159
336106913
1275560539
319609563
64843109
2413409545
123000389
29995340
719680436604112898
249355364
274767361
3344321721
1363518931
4187005181
43402456
314190248
88091413
1013522360
695434542492987392
2964888453
3215208483
4332970701
305090797
2976904103
65107064
305272853
49833033
453571508
814472964502679552
756576392859545600
2767577962
1557990823
1434370969
1428591242
744948842282491904
71422128
2551643423
3961538956
2168479517
217488292
305286079
184889612
286864253
842704445796433920
843117017687379968
84103327
944707088
4194734878
2843125463
785250100696190976
837280860080594945
177543613
172816900
866961756
2379669830
3331783067
250300194
396716407
827321874736623616
2753935778
145597729
2592428198
258381666
248371016
3342871846
75323704
2290071752
403621582
471856791
55404802
148082761
150819113
806571051626987523
373038810
220010781
717485437128941569
395007603
818579623
2635165035
96899623
3041364418
171200641
2932320502
340598605
3343142260
59176213
1038525528
302995374
497453542
312327498
3380836977
841745860631359489
231227309
122791121
252811408
47149721
2459462727
233254809
313046201
39815044
220655788
218665164
67465196
733862334918209536
3371730316
60773097
37990911
3293335692
117389122
3980550437
806237943304253445
3416921615
58644311
60738628
841115994529619972
4507823675
300461602
1068904567
112238865
273442920
3545633663
1043029178
817362866290458624
195889616
34135959
351945547
234586669
2203999735
811998529895956481
2671443080
4062018375
834811668924350464
282829729
2869926706
1222741922
3264630015
3449295075
836364957361049601
62252321
248669485
2904492724
793922853917917184
1720396980
73704523
428567531
53923308
2546606664
3133857080
140151105
258592897
203707725
840021811748360192
1334796464
722936090898874368
227743406
531840010
2598260126
811220278013554688
2823984879
4135036378
1963317163
220015178
305906890
231853786
2799176213
207717693
720053488114343936
139551185
3247105401
264387032
2470421860
58507446
291767391
708794944543186944
224641899
427492635
3355715715
2732881023
222246489
2819157693
56494022
787810157308874752
197190349
40960314
2967000700
1638694214
772496629060530176
4689344863
2354908121
4194770553
1099933256
810140669100560386
368512309
172018727
837681056643940352
2225845459
469445471
804857387022688256
1075491565
75058452
402316421
301538766
192352919
28997819
1415865378
2753460323
401434923
3333376359
1717200451
3892440323
917862534
53499508
3406395089
702975637011755009
731070557802893313
126994935
3015772287
216866697
76391944
161730202
759839237864685568
3557056281
836781592525725696
2573990961
1128836941
94372165
807614079510740992
830193425798537217
566525956
101658016
159810334
245075531
359417870
1380663492
784190761826914304
122972309
311612489
2741324170
212418773
813235147231346688
3451160597
86838222
290820022
828759664565350400
2916126898
129563205
769715204011819008
152640244
778417020035620865
2423759019
79843178
836804907957170176
3145802289
1543784779
1157474995
187731805
277145799
3318228111
4033860489
3187649051
826869482266193926
725468694290268165
3296567109
169954270
710790191292747777
3529600876
829346225136754688
262836379
4645889956
116032537
1584737768
71928043
94867273
121185704
1574030496
115753298
290248795
259799746
298286144
241880394
198168773
72128080
2305607018
128971445
870466434
782672598324740096
66589148
203980615
541949554
3062084777
817203075287056388
62911877
475136887
2924962398
97355161
353268930
3349793338
2397199379
321999557
821863618119663618
369599281
152227787
1149000852
816690449071112192
3090605003
4250393883
4861771693
54047460
296038266
2871369137
755199851541958659
2400236211
84135996
183683093
296959668
1161655218
700025816
2504792591
1252777585
188100973
357754716
94874904
234935745
600564235
2447726672
127236772
3092819453
230501920
223987642
98464271
454572193
163959219
186924696
724348919992471553
344425056
701962412
2964246495
3347027627
833392211459002368
1961141738
133375040
298147473
3386021241
198688129
736274782270984192
292533330
170102120
330596405
775415993409699840
2640801429
326304170
734417162593554436
368603168
811910726277337088
798927432
2478766164
1625676738
806892110066630656
4838748430
823899504105635840
260815767
795978961725620224
2252275515
336652998
3386651279
3323003577
1035913543
95042817
829674527663783936
290840435
320403202
279606074
3260835073
50877019
288381037
3245345914
721853736092639233
298143217
746816703749853186
266839927
2585459194
794713307642990592
758062844311207936
2251121534
4895755753
346699540
541260666
779807602024800256
828975137181540352
358223852
4562570667
471912829
827019908424802304
827590570893778944
770735898535268352
68954653
704447103574134784
2271862011
362590124
1262234856
755190654292996096
2320870557
67096151
2497291878
732738069376475140
766790013551915008
3968707385
611715211
3309180839
260955089
250701174
809646451
2148022328
1137775819
87314696
95914768
92424971
130929105
727647652318449664
822251694109196290
56681565
154603133
787057186715361280
803037330143637505
180900444
709427987364581376
249871599
809064351634178049
1142485758
725731826405376000
77750974
4115650876
1378386660
819939078540034048
273700148
233779920
2405605434
290097435
1202534402
93036490
3972058505
1710872582
106711392
4856944865
774994165448994816
238595973
3407189097
2364657961
1719552686
1320825158
3431809931
4873828791
3070644166
3130323592
3154975487
503523316
113441774
2385794592
2781519411
819243031194959876
805171855
205432876
816290219666325504
335465439
803006262858366976
2907123837
325814837
2891524883
233742520
238238008
1607297310
294196175
2247677527
2965271127
308208736
3300016277
221077808
2748382876
1902285086
3308287133
2954055838
766327898
330927300
3363467026
430883062
1411107290
801756885326135296
721614601448734721
817193474529361921
800728770990608384
783467830243160064
167792897
468506721
815700598716854272
1678826834
129885350
811069805918908416
1012282196
522647183
800146138091253760
703145078
116526298
805382160232382464
74082898
64043356
3087596324
810243150954557440
261471641
3929114133
2914190645
148333107
792089497798402048
414414996
60133147
77887245
812422160153280514
1645970378
773348068305596416
2958529211
231299422
3222605429
806835530000384000
58091750
701090440448233476
4862029654
164403952
507759896
386311595
2157920385
102093065
2169455568
926399947
75791728
4111375653
431748276
364604888
809606563619082240
623872904
2765565892
723534796165668864
791072526843641856
808800222084210688
195217044
4572849208
2598509162
1965812023
2243650533
193149066
1918006794
807752619162824705
336784346
709109580802953217
3396070727
304698144
596692472
183686190
257654565
296976610
1125603906
176559640
2486464186
338150273
1901922356
806440562949783552
724774077936836612
730331388642234368
41797504
2388386213
144258804
285384599
286296458
917773303
242814928
776949365487394816
722068380849676288
712646581099622401
399661174
4494790096
575804409
742455177941266432
103102117
803612666572972032
3615067395
236564802
719157705022251008
747585911551066112
66420647
291947509
3009233800
285319916
327699259
724290070493044736
57187131
764876646642020352
183437718
1965732432
100336967
340910059
2950332911
3378028126
254179421
230532367
346253437
365746729
68720142
797991681912094720
803525134942400512
28616269
1035623317
323934814
211221757
2898499685
1627002642
169886191
164443309
321928850
281773891
1557990266
221561416
320811739
70121208
2942178755
196561899
631422538
269347695
802326691121168384
3294208449
3492270507
103883269
30063016
103711694
59728235
76036506
64907237
2222245117
1042291963
785788836068687872
801371371863416832
703505149
801187128080269312
767772212564791296
102403278
721381698299170816
2242012288
738357184447303680
1849261921
2926364681
2389891794
1537098720
799339846443601920
3382638845
241978951
2816591626
759129154658983938
706931373848731650
785545895748173826
159265829
373434418
734031823546818561
180854505
3399391209
233359245
2411133070
155031328
747442747074842624
212424205
799230714784972800
3439563243
157675495
2557275694
340152756
758684833585520640
742066756160761857
554796229
384038138
40488166
51848196
194982322
263639994
1058419597
116034120
799293272132845569
783294618188320768
798336890034356224
320452705
4921496661
57638619
371416099
724906276937945089
3313290183
2566074008
1184288983
779770329921126400
124019266
329830286
130970244
234094574
763350338099376128
165600384
100635169
120834455
289619531
1852436809
4563208455
340365012
989397835
566665552
71124876
257682775
166653059
285733443
1339761175
580100195
752264313231015936
209828606
307093685
4454961100
262806183
286894090
2782988280
92756846
780766528933199872
703918980
158807001
3071108577
266234058
272552578
73255851
3189045641
99606428
140423126
303478184
40945160
54306465
233260410
380406144
760248378370449408
333588177
423797315
507771917
1950892237
93877801
501236134
96005722
760885796278763521
781669327963615236
1405704474
103901502
2316458421
397617258
1212756432
411125623
3341074203
2345541885
136343604
3053321668
2363848288
191574978
388471804
1341648728
67300861
579113895
248000381
221005170
298170436
793965973359497216
198027292
2909109813
793944019592216576
293583261
308174772
1726119884
205740862
4568539588
1360748323
91625884
324117078
2891339975
56884072
4193531596
2343746589
66546638
325882855
793961750903275520
133719229
137182763
157122507
169731211
73729178
81924673
78605525
202759374
557281148
66461951
134518696
1176923810
724686962
115716787
1636404336
213442742
2688673173
591891469
793662680980750336
2214019452
356536591
152521746
3550064716
1198575374
1281256494
106566215
294180734
82153670
1945419715
42968111
67095429
116078923
102226950
226361215
94795988
249295181
344278025
131675660
338670284
621218728
2750597812
198338931
712300567356379136
789453973870809089
124579008
241225475
213404836
73926633
2477069874
1783548822
206358390
323312870
2544301146
141388649
448012153
80696213
4920087394
265538572
54916844
225848672
2306622151
391039789
360587994
2519027950
1950294638
2771911757
174792909
59355718
4611933615
160559365
337737521
262425183
1533980754
218670749
55066433
133075265
223299718
744606961598078976
412033010
78361770
349981968
1135749296
729456831635042306
275144778
182880966
46227425
203344860
621471632
584085941
632422759
170823343
76387348
612049238
229198234
164465134
52222683
136450820
200737943
262936082
792211679736201216
77621578
2234804525
3325437802
152448359
3539673076
2244786109
704119062482255873
209344134
2382837752
302891590
792870063921651712
60050290
275558409
1330367714
2820654353
293216607
105925665
1360586040
1406153744
254308290
174040592
809400548
237402801
489519587
518037000
193930605
110171433
67088747
409301423
193989616
265749238
335493605
2615638350
3030574683
176829823
2572809721
257672747
86693464
4899932920
58787097
618601533
203229803
172535894
324065878
336591923
168442880
1400522760
400810352
325148855
306372774
80703237
87014431
276151939
105833073
219375178
83844667
168816488
2448899579
722959098908692480
2768361328
791356590536417280
288464157
343708096
214625776
58628701
601417031
3364564857
163587833
2786983059
791930422267482113
82684276
156137413
231615739
191166298
3095966014
234569247
72620663
197981306
3159627976
61236073
271643952
258457586
1646200795
213862864
32960656
2284220381
72162240
73696864
99537512
344452270
779183154
288507719
260465702
1621846440
173544037
385081675
584986489
597626067
3015445575
279781391
324546063
755461233097211904
81405742
158511870
204121015
90998880
721809896338022400
146684323
363175911
704729394586193921
182460585
100535757
95414933
1888455428
3976457056
1340542369
477064100
721834613484756993
272667489
790243996174020610
207146672
316822538
2959710009
124018815
573083957
372562241
115477917
2148688433
738705705465679872
302362798
241230732
363808035
40905302
3085739934
320911507
2193225491
203685106
3331396407
743169492797161472
2990400101
233696509
741987763466162176
187566238
88920324
731956680980889600
167847199
1112385985
206989103
179519260
906916298
112465445
742495214116442112
156107183
402150481
355052274
143616212
3316390288
260925076
310960967
2844507531
188081957
51345366
232260504
297123496
247995277
334306096
266761322
3181695909
95231239
307416980
961085600
315197855
339402854
98634531
184883377
800949499
700678396481826816
85871016
2263316737
1563650929
172905243
67963723
725101664043192320
263974302
3293288028
778696612004532224
73162787
2911814325
75851616
720948336069603329
423325099
91571713
734558658332332032
285378823
1175691007
379465108
173530546
509537387
159645206
229840130
277584626
185790484
3304861721
86947731
3361509592
106477174
60087156
269371546
224436854
534896031
1907969857
294301940
242127726
3084314891
268825924
126755507
1909057728
235334007
3862557621
56555359
62935513
334224027
167461523
495089012
60510130
726824689402810369
149126574
357099661
317432326
2556042287
138879184
299040601
122487352
520002971
2730412895
339610595
298654092
257701740
244717831
322353725
801117680
714561501667987458
2234080613
291911655
129819655
249811687
1075284043
2269126045
408028617
1385111616
1239300967
262727427
307348222
294905556
41231345
305752287
727496593201594370
331783170
169105399
96093308
157786032
140428555
277730016
1101817242
783278775769374720
556390271
324055010
99590892
124608562
249164931
90649688
634817115
1611954206
1706094032
2268918463
1466209520
276256283
180883454
1161359618
171733526
278099154
272697321
731811443675430912
790386241
33283763
784240456448212992
109631997
3496238902
1568626297
3302933241
3359167546
339421450
3180040517
248890808
1666598498
782982262979751937
2193115656
84215065
280730200
2337056160
435139870
2863719088
277970833
98898402
80168691
766370073560973312
780386736258056192
187536762
66142145
336532011
263407376
632060332
765649007238602752
2890924066
120625176
124593532
3233199556
47198978
457439968
776597535930609665
3107911353
712775756
3038864231
427016036
467774461
774459215364710400
354091808
196316747
3119499765
224711196
3023332162
157083695
773636448880910336
1661327143
2665577445
2238574330
3577605196
632038087
2389412580
2779040293
167602123
3570407355
2661698304
186944746
772068035494547458
2357222588
2893701075
738376370498248705
140218334
122745288
241979473
4864074951
257554036
2436043699
380499640
1301436559
1730137777
58999332
2279620888
380663896
193530677
117841908
33065951
724444039588794368
92076195
340676390
767113563097956352
223842065
1829259680
49221539
2744945964
314813359
1587234572
109107882
69415794
99557338
111639543
2320854825
3058851399
4593083603
1310994685
610152019
539305836
3420180887
189322215
294946677
2202246348
202902142
221408603
1651250630
498262604
185456535
99548346
40397530
129084050
192569971
311705111
14628760
2560154964
58532366
318524481
105922978
2686332403
68811323
310546258
3304959987
95984524
767907442927792128
3756124276
1852791624
79530070
4719186287
753769432179146752
3138109453
69133669
286928582
519926908
1952663664
149460430
153064702
1372125578
50029117
3066065224
541214170
111960896
422158527
1408490030
438797584
381612160
531641924
475508378
1158861858
1931555486
762419085414064128
713791002381787136
58113751
701128359804321793
536450685
331335685
129185787
165215850
3323899690
162473679
748733122783514624
4916928833
480747075
471236185
150365969
147635961
62289455
1064262842
2949073845
1077721604
704320804
149867557
247256555
4334824276
3178286481
443751966
342849480
2161488672
4353550643
272559859
146832350
287435866
2447885274
746360749732282370
560830923
68728443
331992981
4909145098
104538569
3084746055
233314298
78368557
341800519
254695635
248769493
90741515
471391723
4475084956
316815493
306882623
539606619
136600947
129524289
63183991
389545219
2276160234
2901605243
4878644080
1255781317
93429332
227524012
135174032
71095589
2802413053
303389922
2937308231
279572473
2938371815
755501381327417348
74319264
334972184
184840666
754061156
229549562
906540163
3062017439
367136457
281687668
82258771
709776576
173588249
333091300
312047723
160024776
2360038665
4842804117
369740558
320941636
2312520805
250309103
59210445
562931066
1030988112
724249206446280704
4920610396
61370753
375058614
3349798870
166254488
69863354
326344037
3396473657
3875047823
160365811
1522828004
353335025
189715759
3434579891
418168482
327079593
1679118266
563292636
357239912
3404020715
135854751
1920875588
188392813
933423055
56142466
2566233779
3295925891
78425723
358530931
3433464735
158515159
70731533
202670640
30333779
1597228087
45423591
860400871
59570393
129581201
2807800088
41151295
80135256
303896022
254242969
2228048650
209670921
2355363844
30119275
311418078
149366651
1561964712
736329803956166656
211182002
163934818
80461846
158151138
181699127
155723693
405848025
125352242
262420105
3345753951
279289176
738215126566862848
93772100
170858361
25284121
2203998888
234583582
3037835739
234757336
372031240
2237899938
2197024475
346822917
333443533
3438585316
113073219
167420979
2949433624
759956526
298767644
45017346
2258927676
4648111162
68146112
1880324544
77083718
196235709
44756750
289525473
197020570
253787026
3332980109
182569178
741007351633809409
274187511
3626365755
102841756
247698953
54007567
83342755
257608083
151264647
2492649483
116557056
115235588
342867956
145240117
250830693
2595478933
206818325
2191036920
277188807
50179706
2355875656
891443780
117183420
723987839399153665
331786088
293181254
2939124604
3124489284
156060846
97681434
220981726
4862103812
237376201
2477764301
123856045
2400196183
217829111
319371696
424233978
406488099
301727693
232662980
2243150346
164678250
734949891185778688
