333435375
1001969262804729858
2944695346
745345520697237504
1114237017636913158
893981473228943361
807693611466948608
4487895857
1117626932177309701
1117600517541236740
2688490448
1117470421836865537
1075107983661678592
1141704835
2780905903
1117043130958852101
978398172505690112
2250890695
1103318269870653440
1116443655882059777
1530723330
1096183093730398209
333526834
251338828
1109291213704888320
1116002888524926980
347455218
969022434476199942
1104422993957138433
1108334922312364032
1092822924338307080
841003150387609600
722062072654258176
1115605599197130754
1114450887521505280
424478985
2871456893
3254893455
2646753960
63557419
726255727812202496
732317434879856644
1114910580429791233
1108678471595843584
1017019729054261249
1083533173559083008
1114927156243632128
889214222567178240
1084212755492732928
1114554413086060544
1114726275745308672
4847600758
943982823748374528
1029130993494630400
4828663173
3377863822
1113928242963058688
2563493343
911381908885577728
339783630
1081710590186401798
710961537889017856
1090321982091075584
3184931675
151842973
959521410686349312
2667509893
57475175
1022328195796946945
1035161878220165120
1036493142311223297
1031277625887662080
1112513154083446784
1849261921
1074482948169220096
1111421889904328704
747063872226467840
2498143977
833518317423964160
1105656193991753728
81742125
1010599304355082240
811910726277337088
282828997
979273346
1021239765285433346
2389581529
936781623978323968
1059483970503696384
624283053
859572946238676993
720322893918240768
1079841990437675008
1106956528488271874
988588808911376384
893464448
881570321467404288
4734514397
2447953633
1053298088264327168
875762638227197953
150480670
1004377886
1070835785329463298
1052542275446865920
1058921697531887617
1001092904079822848
2263230955
2272073228
263242035
902015831839735809
767492201471479809
197621212
132529929
1109076453159829506
4830056104
1108886064654139392
140218334
4097591955
734121964126806016
300525426
2893312785
3044698487
795005397711130624
1062892312290910210
3214928789
3099271785
3079487230
1075208743401480192
966738130106814464
1106222867128168454
3306464662
243152017
1003748708691955718
1030231681062588418
1107257153751003136
4340638043
838866260347715584
1106920356575612930
2389317476
1105632447549583360
68125306
1095357574726250497
1100896932103364608
2979875596
2393364494
1104466432769822721
362204778
3599588373
276151939
820634006542831616
3077061461
1100468004565979136
886846557584338945
3245537225
4352368817
884954321837842432
834439958916108288
3655025782
4776109301
1070719084285845504
1088179310987493376
1104088353568419841
39849179
4204034818
1052368183972130817
2746249500
982417686331363328
2768279539
822199942592729092
3965159422
350382303
313720113
1018209865
1103273871489282048
559885844
467343575
2732659325
712980159780012032
881203049825521664
981456846451068928
1102934376235655168
90518475
1025762137258553344
927993564663042048
1102943241010319366
4886219193
1102382219463659520
1102292944512528390
798220313137922048
3546280756
1096806137880592385
867124087419801600
4143144687
1636361720
1090637092407951362
799940154471415808
1098836453034024960
725803484335972352
489730719
1084179224079028224
3644105057
30851187
902139222429196288
1100610037058338816
997611368713945088
1100497398000955392
716817893300764673
1000418494620618756
719562176017653761
1100254827207163905
759196836699705344
828416237415833602
1099812837239738370
1098625426728120321
2511322205
2630178149
1080492449301172224
4637179947
960163310959292417
3296006021
714178095566168066
1099726182638071811
2317295507
1099471428292882432
1089172124324032512
3234667139
2391100533
1070367017809731584
1015676387057897473
942904025611202563
1099045737818660865
1099021998037057537
978108841593368576
4891945353
3020729931
939714085716938752
755190654292996096
1060558644071333888
854793225521045505
295936802
4883548937
1098454816546848769
330980245
1098792388137504768
3050128532
823808711143653376
2772119845
216145368
1245110695
758725605093441538
335397774
334742038
3381576987
1097149771184259072
2406996134
1028001716279693313
836408336534863873
2762983090
1022678783676112896
1624698457
3876428295
1375653282
1022986448688046085
2632583736
3105256986
833835960664260608
1083899820945879040
1038995235999768576
890393230445084674
915368062861414400
1064121689573916678
882779455210573828
1084405884921491456
1096046402059358208
1091894532428517376
1081943577729687552
327029075
1058557517289140225
1895554309
995868056
937837253719744513
1398317046
828723772588961793
3322083670
1095115158530203648
1095654125252067328
1071171129753112576
192239786
1094407891862384640
203995828
988980091786014720
1095061505240940546
2866023838
2762342171
788711876477812736
288993711
808800222084210688
1092987818257858560
793960362580340739
220367315
1064271840158326784
443751966
1697897647
1080525652175011845
1093291603974909952
1049506031217315840
326797660
893567699669983234
766834836279558144
3008751035
950018062824157184
2479032097
2868918449
4824810015
1020103192238084096
4574932695
3420644411
1059090238151315458
2309999987
788059539056844800
1092439319221030913
773508463381123072
2951554072
1091068611752546304
1007808093919555584
771136849444216833
413478116
425373694
1091749604847161344
2596821313
1091714028387385344
1087941937284427776
1091523101916041217
1091523870333566976
889331751490916356
1023290751726301187
730241749566820352
1089975896084303872
1057341968001523713
1082150589910405120
2273390838
721124940452392960
213416329
206920014
2823873244
1080926912862736384
4416009580
1042633513
1090437977065562112
732274376603750400
2984467175
808023731897503744
469888901
873479443385339904
1086254045428371457
704154802
890024380792799232
2644301855
2612133997
810603474660524032
2975313921
1038884599139651584
877328315194851328
1089603916877217792
747577826388353025
1009136973125246976
1089231346759860224
2421208643
1089289208416649217
1005496610460192768
1089229175578419200
2986480059
2938899712
4548088222
741294896431169537
1000786127585005569
476909443
2966126752
3028953165
1088584652116451331
156311847
983826821585297408
1081385166042554375
191436371
1250388475
2827371716
1037848960008953858
1087570995446194177
979164557120811008
4916363117
294181520
1018559405627985920
982701520914407424
1083412172456243200
1087007153687281671
1086682515870531584
73295703
521500597
1086409775531859968
189249400
1075953369414582272
466350197
1086088146314498050
1086093061116047360
1085931340527267841
1085108128147038208
4903119353
1048554169051828235
914527347755376641
1047822537349103616
3312135711
1084800213687169026
1079140514530820096
1084290619567161345
892436330046783489
1083864610233614337
2427729069
816331015165771776
1079519332936359938
1083363468340801537
4804274362
182201714
4481134695
1082371806735056898
4895755753
145597729
1082625495420817410
977545845875904512
158511870
1082432097745281026
1082385988759052289
1043518301618495488
996484402371878912
760187782753058816
982444471399976960
925431076671107074
4850389341
1082237294520791042
1062835673474965505
247998455
491748127
1080820182086533120
1056022016652951554
187025275
4267185983
1081370457272713218
1002328580041388033
1059439919175733248
402245644
337399982
1401229404
2718976215
456198544
910976322100441088
3039822112
1081305660195782659
369670062
279606074
1081238810791501830
743579925056196608
1073602899945631744
1080402988408164352
1081153293643071490
4594575088
1024400045939011584
1480768123
1074661565352296449
2367970225
1076196034517352448
3298558714
1080579957036851202
1080568299660984322
1077090421417889793
1080517439870435328
1080515211201863680
1076261934251626497
2721713814
327667423
135854511
1078311581019185153
770959881272778752
1078427889677275136
1078831166785028097
4872745990
2833296809
319746120
331996286
1075929026395541505
1075264243870642177
1078454425277083648
3069230183
890629503327899650
911953675521847297
1078432826368905216
985496684
1076261447062208512
1077382188751114240
989652574130393088
3095775905
1077271402741448709
967810355270385665
2886317932
1052764639371698176
1018300005810130944
1068251643689480192
161827575
1049735102949990400
1035945642051477505
937126709840764928
2284038100
79279056
2832817401
1875873313
187162347
944252789508771841
1075209636687564801
2858712032
1075088117537955841
1027975256760299521
1074865364218101761
3291997933
393024225
951305995346726913
3449221234
1073942607112400896
1015669638355701762
892360740434214912
1061070815024812032
1073508142019997702
3298599162
1073271524277264384
1067101500269318144
1073293664972099585
1073269787827019776
1038945294623363072
186541986
1072535056659423232
1072461653755736065
1059599472475414528
291754891
1070050583187460097
700893794640773120
2624048110
1008527433119748096
965367172481593345
379203015
892094579662630912
983424507737247744
1071400812545540097
958832736403419137
781159240471834628
912087180339793920
1070975981228343297
811258120823599119
729499369741946881
1070746026246594561
1069705572545634304
1070476771005513728
1057392533842604034
941755454811787265
974430870617640962
1069792000965296128
1068714244949053441
2286575850
140894761
1069248112609374209
1069247220950728704
1069184856301670400
845018778811465729
1128294980
777632446842101760
1068483130099671040
890980973957042176
1068122514579165184
759129154658983938
886303682899451904
1066154499927089152
804695251399151617
1066850454221529089
3493348102
1066718009010606080
879441053039960067
467009437
1012871552260624385
728964553988542465
1047350345872105472
803647636825894912
1065847529215049728
84606570
1007107136604733440
2566233779
1716218924
1065313339880939520
1060669424175341568
1064958680779685890
1058135122585772032
1056315533665165312
899101976235057152
49331782
1064627537429651456
109430931
1255313372
1064217513356115970
374775805
880541335220101120
261441803
4498919314
2187427978
1063056924286050308
1063543434387091456
1026773661892661254
391000109
911377796454387712
1043523926805098496
308622518
801919117200596992
1060509220402020352
1021695262618726400
1061772389665648642
1062069688484745216
309837349
915698332953120768
710845567950299136
706155100256002048
1053652304287670272
829363525
851134322518220801
812069587810480128
729456831635042306
869740585065828352
1599367123
706964666585583618
1055123073639301121
746011613862436864
3906224234
122945626
1058498536122257408
1056227234212691968
4130328629
2869987384
728743597894406144
874688117986308096
1060600104858587138
1058123879959457792
1027749288099688449
1033530121477648384
1050092028707700737
1060516425180372992
1014534148306939909
1054878756211515393
1060149565037428736
717839850553155584
142382990
805966108629012480
1057077494262702081
237236959
175447163
772632740671942656
926482337575112704
4842549988
917928084535480320
2247677527
71835506
4288707149
1033006487126401025
1050861182159081472
974695253839175680
1024620365769859073
1057703898637615104
1052914685320802304
938837087796817921
972971610
978676542
981325945612140544
332450474
1036367385584955392
907088747983982594
260836950
1058108962309111809
3998241802
866078001993330688
1058324441904623616
1058368120488972288
869528226
2584975638
1058140854983053312
1212446796
1057749964930121728
874801488840855552
2521186566
1031140137013534720
1939435500
1057665851061649408
336614830
203685106
3072983457
897887965216727042
42984292
1017510091417845760
892132038
1056725665544839168
132699841
969974276974694405
1055278545650573313
792012253017022464
1044394856611819521
1403679516
1035276186031726592
1056652550932443137
723939613019136000
1054762445175250944
272667489
149766743
272528567
311694360
1056223018991656960
1055945275678867456
208312084
1023009199276675073
1053260289775464448
73474656
1042424043591352320
286894090
1018640607974129664
2945890732
911421803297476611
836974208940978176
2874410849
90238397
173986603
377887237
707265610791702528
987448509032030208
997635078753832960
140428555
3046899036
299651279
354622635
95228512
1054942954295623681
435135957
216642279
757368344492273664
350300779
165065165
921181182670393346
1054877793153101826
1054764959744311297
1054681434613522432
902898690981060608
1054206033571299328
1054359220592803842
101658016
1053462194703212547
840382928353910785
760825585430106112
2874406157
887344028370554881
342375741
1053124966005309446
4197886228
298815940
1016131829630369792
1053447216982044672
1053359646482882560
3974075315
1045026052957982723
3202969893
3783069268
217554224
2223446009
2928516706
1049113352016990208
4872937611
969167727289098240
957322589503938560
755711148
3254205766
1053059920172605442
779498126705057792
4780001121
798252731500810241
2899360822
842879689471549440
3360765670
1036760360374730753
2196111090
1053068503165648896
3341127543
1001592191658192897
175503085
1033921860445110273
1049383984722059264
1053051514963537920
1115430630
3418724404
1049378573075828736
1034209454538059781
860294668755640320
1047312266293596161
871885387383361538
817094583893032960
1355293002
1041458094142832640
1049131781352574976
372021413
352283104
980532245864812544
3311304233
97681434
4909232974
1052758710999764992
1724485681
1034089431219748864
1039964771141992453
2866385141
1044184304643973120
951637120308994048
186151466
884261273516617728
1050134063435124736
214679856
940963631386251265
1003624420504686593
1043976560204812288
1051253162605187072
121163766
3426443182
1045696594128121858
180883454
2758829091
3317265274
357786844
285964816
1028821526970335235
1039483707567026176
1232020604
387462076
1045679623747579904
621218728
832681278692589568
1726119884
2767577962
1051620644977291265
2252871577
709839586827112448
267444045
963835631922302976
1413637304
2241731184
1047863387764477952
1048324009618808832
1048697570686644225
1575640795
1052608530069385217
132692743
1022280461853315074
1378135862
1052214789328564224
950803152533630977
1047649216024203265
1051958302442221569
1051884194014646273
4118541561
1051134395858464768
1051621743855632385
330596405
897625862148902914
1047731871759646720
1051272396462804992
1009630437969399809
1034149061987889152
1046485181157249024
1045438195456978945
2170214109
3046937845
971412620984057856
3258675238
3106317034
1050184604349583361
383519780
1047992078817546240
839701476276649985
760559172672946176
903828349969149952
3072182980
1049076824146423811
1049075015805784065
235379870
624112885
1048304019683336193
1048326154879418369
1048158821737279489
367502342
613561040
970800781044731904
1030919671845986305
799293272132845569
988769802872348672
4817765603
1046577259077914624
1047301837110562818
3054431428
175845198
1045763242566602752
1046967200769294337
1046958941761146880
1046944758504022016
885898582137729024
1046810083777236994
4718173157
1334047381
844539228021297152
1046189927573188609
1046187669317980160
2994950027
285240063
912718084976373761
1007085929125830656
741253717
2814506428
405153894
1045327809315508224
1045473282844168192
994334353034530816
4909022943
2743220701
165999123
1044878364652244992
1621130324
710274580074635264
2955873767
194181372
4878644080
975407380795133952
226746956
1039748194878533633
1042584164879556608
1044335862266429440
713472320434749441
1030144506342072320
155365397
1030853339699970048
1042946579005616128
1317460993
801592850932781056
169978397
881254542754623488
1042852388728709120
926290872790147072
1867807370
863858177670090753
204066827
965265559607750656
186232108
87984652
749282210746884098
1042522412431167489
1529174408
794239477573185536
18144854
1031672377002938368
896786591661924352
2169264038
829736445879414784
867701860618166273
893282117517328384
812321245182226432
2425117335
2919939490
333500097
921099985227321344
845311633123618816
3311225841
961534579747192832
725079988681248770
1036369897952104448
275805995
276729196
2218372886
830195879319568384
804402349825466373
1040805882861371392
1019534425
3785219843
919401619955085312
772343432819904512
2551127788
3158287395
3101840375
349070972
3396473657
608427387
109610660
85194915
401635359
1025915897033175041
1040700286845833217
977060592539316229
1040643021967118336
2170656338
981963371154149376
939921236511088642
875724644002746368
3026042694
982589974976647168
1117340071
2426455321
2413409545
1040263185398419456
3164251755
881135538564149252
3245857773
976439218942693377
93405879
770786797446107136
715295181558398976
434325955
1034472916614873088
4561695675
995341349472923648
1028765858120851456
3248757771
427439913
454572193
4211780427
1039016673897078784
3379625931
1014633623117590531
126984753
2264205589
3288534587
1007453402077519878
39397660
1038221439407677440
882138874780282880
770369674412457984
1037706944285433856
275211540
1037548098980143105
1034630619060482049
984309804394074113
1010336449034706949
52729196
1036571023641128961
1925113932
3035262082
187566238
1036677974622457857
1028326074558631937
1030098556047319041
1036317188964200449
957325447230050304
881293436707635203
954747788302213127
169105322
851499197828399104
747101308306493440
2357760285
1036420757583265792
1035916467257204736
450672098
1036396672027381760
4828421903
874349682675331073
837317377746419712
1022884382686752769
812098543859204100
706706677970690048
967478160756486145
1007418241495584774
963153014839062528
1035639148156256258
727252356279230464
332223177
58598785
792696649671933952
513825445
1034913685247086603
1626606864
2800541310
964615574155382784
724686962
982408881040130048
3484784123
904435409790304256
2596638895
2445771005
710458638561906690
917399204368183296
912116831279775745
1034403044258193409
1015336896975790080
4230214577
749281736694067200
164424661
603000768
519713005
1028727275523592193
1013940394491568129
1033883331203657728
1029172110508404736
1032662708565553152
3347556861
478711697
1008310568258809856
1033515660746403840
493427233
1032426709327347712
100020020
2828658843
1033116364607811584
159643822
802903922293743620
755221687193534468
586623870
3947638822
3030638805
766679155345874944
393741739
1319055397
3877992202
975379123181883392
2462395056
905978626801315841
780386736258056192
824783152929452033
700678396481826816
336091923
986565493808132097
104962130
58510561
782660101765107712
2159468737
962386595969142786
829346225136754688
2453697029
432494868
3047355507
341151443
1551615038
100375560
713002107071307776
954913997995888640
1724050153
1028306366585294848
1142460805
1004367997862121472
2480367727
338084369
24725198
1017260101340749824
358491008
902270241245470721
248669485
953221265501941760
1022331147211210752
2948550143
2266838241
1008823292055244801
299199372
1661327143
1514863988
2845375714
840968042658033664
1380617425
257213667
1029516836742803457
1618324892
4069642756
4786003109
1019235933751795712
933242666
792521431
3202416207
1586972234
3347197780
4194734878
880770919
1029088800767660034
2799176213
60084205
1027019672187817984
730919178459353088
1000540884373471232
2965271127
205002461
971902115424755717
2972357188
2249068822
1005846861809405954
3364214883
2467014420
1624056794
1945419715
3838460793
290097435
69415794
338670284
2282524879
71703344
501162901
829005002781945856
957053939182178304
912910948498845696
3035875072
1026044626862596096
1022690722229694464
1027714813588393985
709730002758189057
966004329944580097
1022664028533997568
782808539622506496
1027626199688851456
1027579932526952448
1008169621290090497
75851616
760126555091824640
1026441662871089154
329814857
813558114733719552
4859153543
1042291963
714937899570053120
984527245246164992
1611954206
2941609521
978719442560528384
170088620
866495006458118146
1003024083741741056
324546063
1026888346830860289
2247250993
234583582
827692186053525505
1026334497376272385
811496900
173588249
1025543277473349638
2411558081
4093573139
1025379336529084416
928412797
1005162717718745092
928009996339642369
392068018
1022825878030639104
1541596483
976942892697743360
1023000383139049472
2281008936
1081246651
1023968212931756032
714594530
612182841
726592665295400960
1020144369809199104
1023946582520152066
1022977884535889921
1022333376018227200
388035393
981750834722672640
1023606895402201091
3317909068
1023396467661320194
2592262933
101593624
404302994
942461179368235008
820048343271407620
107461551
140039287
358223852
1016113217268051973
700442129169047552
4639934549
167602123
747905692833579009
953067923190448128
2333122163
1022556403351912448
258589914
714518852974092292
1020740516336594944
1007847964096778241
67190335
4809619108
1710682200
884123297537036289
809522740420050944
1021148734288261121
856273106
305090797
79246658
302274676
718501838664966145
867317230731767813
1031897905
1021484519420030976
1021455183258226693
2608460868
974872032377823233
3409663157
244727942
1161359618
1194430818
4016291661
770731164021710848
2619133257
2847876829
3315673175
792203738
243937524
996541993647034370
2500123726
845437493092798464
3435547906
1019657210043957248
78466478
849447299306663936
270060265
3062017439
1014217387388882944
1016774330443845633
3373259607
527783911
1000649724
986057447914819585
149867557
765990480941375488
768850172268994564
931634520545218560
701745433991901184
1012046799761301506
866310268858621952
2822936960
2893524365
2918540433
590561061
558316362
614337438
4648982235
1689560916
292533330
2890248035
272559859
2228760632
804404072723939328
301698832
4121096705
2273286664
4833244487
1594440546
1019682121420607489
1426604826
720542108
1354976780
1537098720
906162828784087040
1007075720806486016
833108888086048769
172928381
3307574291
917746734289375232
943827263849684993
165403634
388259203
774924042
1947886778
87500154
307317567
759456196122316800
4400330860
870782934814531585
733343188052803584
792118761767727104
1015323317425917953
400976971
1921910198
275144778
943244844322951168
984402859398746112
2371133214
3961358266
1024733923
900446735994060801
2295043692
382210857
388423962
17376725
1014909022393307137
2949463265
964722412821639168
1135749296
310546258
917195331716239360
973931997109346304
859192592692649984
1733043583
1011610201882021888
790250564588298240
468796723
1019278005355663361
158717289
276307786
4485754787
749351010943045632
889995863682150402
233590862
2297750453
2750597812
195958462
2788808408
2347558134
299040601
233779920
198585609
892510970916032512
3347027627
114489941
792089497798402048
146832350
885733707046375424
805396512754847745
135174032
2191036920
616500391
3309643762
709776576
996123880912769024
928304213213483010
1016647217896148992
567217499
1030530036
1004109482748719104
989271505694490625
358271979
1019180348746469376
875329734808412161
1409135712
2946354166
1008005075011325953
725786306291322884
1005972289291259904
958109754081140737
489519587
985136925626511361
838805979819040768
844386266154242048
1104287838
927422634
3374055609
2521875904
3324104002
137182763
1007450867489001472
1016075439322910726
857399182059077633
1017576263110877184
3230374335
2418003985
1017040457283588097
4094798121
1015415908947374080
1016518962593574912
418973008
721494218540204036
1014710875670892544
1016125949665005570
715289241224364037
1016162985788760065
1017422096220205057
1017535451534643200
186274684
2593481677
2416420741
490558701
3074195653
792229520694706176
1002699058048372737
1008037084404289536
226724839
987471227349618693
458462653
1140803856
1622954516
3390401151
231981020
957901225
2893982392
942034842493050880
92317484
1015805122465685505
1014242363030605829
1014898452856213504
1014191679820238850
939271907647672320
1012862576567443456
978759138665779201
1013148950835195904
158807001
838046545710825472
198629089
1013936988800548864
913911404452892672
999780648809390086
1013797153138003968
315504890
2374053591
1235323766
1012454668973330434
4353536242
1008329096206651392
779029232
258460948
67737731
1012481587525668864
701128359804321793
976828408297639938
1011667603146801153
896271909138124800
999794952434540544
3321405382
1010983932815343616
3641975056
3370962550
969535752358055937
4795307534
2969025971
1010308378621562885
1554067344
722612115069136896
892742152148701184
1009841201216917504
2873303163
225473202
565626761
1007378620300619776
2226458572
840364245808230401
1008445389836562432
817561667408195584
632038087
55014825
4570313525
2269947487
1009156403003625472
913068229278535681
967500903443025920
1006248394115960832
854636685258371072
1008349163661258752
1008509039221919744
303167380
3045459928
1004400368435060736
1007729077766246400
1008199826885005312
1436750929
532528543
1007668587081949185
158118433
996544469351780352
363175911
3299944031
925056302904238081
2543543655
876683476883439617
207171906
1458309632
1006546092517920768
1574564234
4203981521
1001250961548087303
40256025
4783328601
1002314905754787845
937491478993096705
961258185289031687
3337723911
819178088726675456
2380889466
1205512118
75659142
853035427
584449254
997521248472260609
840190667578048512
1004184171781206017
353962958
758431143012233216
848544650155700224
2910298108
75075260
2983501498
303303333
846798124932849664
2193225491
383314021
162473679
378802006
856179101341814786
2634341118
811942183485968384
416643320
509355842
396050264
777999548727889925
222941156
365737179
81994268
2175935741
830076939167731712
990407634145640453
1004103297677000710
732699085912875008
994909488
873353326389334016
823022917168562176
922566807252361217
470463211
56161073
977249328610897920
1002651048773906432
264172088
324938905
1003810514559004672
4857977524
932710961231945728
1599629660
3296140791
338793999
2957027339
276071069
965411065617141760
2823004131
869196659921702912
80856430
4715169795
2740305378
54047460
3354400571
906281683896422405
724566096007860224
1205911249
1031223608
968114263708590080
957517403021283328
1002390155003596801
806194273058258946
903660134307688450
917773303
773307405312688128
2386890220
920752276662255616
808023691867160577
60939279
2436455361
97020451
482963406
1002925312844451840
997859278567419904
832389082424688641
77812145
932266896
2891989727
275516321
749014587232714758
882364465580265472
789797118726795264
977275012796289029
1002576191444930560
110346414
765231686145769473
923551039986569218
2350183981
3201660460
2990393031
713442218959355905
3027937598
806445887761317888
929503619082309632
319775825
2434720724
3121074169
114274957
1001613886976602117
983834645421875201
990368286574628866
2871417802
247482428
40685731
4894862043
885782823076069377
238662101
1118120911
324055010
705822063920070657
4260669569
264203061
4800979283
127665772
730805517073952773
1226348671
2852569408
925896698840408065
55990941
711357275819155456
2600687958
313442448
2823984879
1000794898944135168
2842647875
4377106223
3029458636
3199377412
808317370427183104
4750667843
728410626566000642
3396498251
4393820176
992547698606735360
1000131478284619777
1877080298
366344711
3229692083
1242509665
3325219101
2427245948
283587175
917425305240948736
157786032
4158698127
157068058
2735305045
3903579340
83194958
1000046606635470848
999812688241922049
998279541561937920
981508130721976326
999637748595257344
1206527780
973350349435293698
4684973221
77742138
998369461731241984
246036101
793235390576599040
999475401259970560
4353550643
3577605196
710462682588188672
3403484866
1194367662
122972309
849737120172429317
4883170575
988857040910110729
998627010149744641
2611803841
773510566639964160
876867175998533632
103106445
291888532
94126907
884218368768782336
202670640
2160832050
961066362167848961
747227102022352897
921907438793699328
705523651047723008
210658475
2670336855
81205833
898652586575880192
968129761
914670024610209792
630861587
57827366
996107922173284352
3464757801
3412663319
4740139108
733890802674368512
279572473
785250100696190976
91582333
2502289286
987398512089485312
985956602091130880
2536027279
1469949235
3082790236
864161558766682112
4805463875
745312398924451841
706556084463525890
760598148058341376
571268447
834932325137977344
4898475676
482354758
2208592805
397671686
987833283256967169
935592019
1628793998
141759557
395493131
367319768
556121115
2841144791
15351948
280730200
860912803665858563
988415493940875265
889310316156342272
1029496483
801534736808235012
728351671529705472
66393468
2794649363
528076382
3663267860
182992981
190361071
874783442189393920
990334047695130626
59926999
869213385111609344
295136295
787057186715361280
837107984316657664
3847202955
3314119095
190912991
796844103719911424
737447374977667072
4873828791
723314320575213572
188890354
1681907162
2185406162
1434541045
270043306
4309176515
3775615475
229929084
212964250
990057569141043201
287435866
787840189121105920
960606248994557953
1370741683
2390310546
708914405220732928
977413529581051904
258495678
796437300595032064
3386021241
2560258965
203344860
136343604
978950935840948224
3892440323
1158861858
146619212
3420180887
865586518248837120
109312821
792216644810633216
83677568
419762199
1161674239
2851585577
163259163
980796179154980866
942156129089531904
2972217381
3025708582
78484846
2391056299
2289566778
770056107146477572
155031328
3603775635
104538569
3511691117
736578648837390336
820346252969857025
2501791259
167756495
1950294638
3931088422
3331785147
834836557425172480
626902580
56884072
911642353554870273
724290070493044736
2476044942
789883987384799237
337446086
1548631045
318066847
3322064187
811568742438236160
233696509
1730137777
3592384937
113441774
203295035
258008561
2801232376
988397885422260224
115063845
3435703223
956827095426129920
978281237239484416
64183000
2306622151
493578637
2214862322
84707123
974332389261500416
978969809944760323
825030007143686145
2951608443
230590905
944268006057824256
372034117
805746731598172161
113111949
534896031
841598801395761153
2357222588
759153025755783168
198672831
987025691395936257
866482667679875072
803297638959509505
839875096445534208
169172546
864651148908793856
936560566579101697
4042445763
899249449503006720
763114669141819392
2316458421
3345753951
986944682986037248
179592384
976593702549426176
970091132209287168
2329403160
1936053127
2548367418
587799868
1670244480
3408987777
2710420416
2979124863
2535293559
831539778
822531923084017664
1895850714
4799043519
435045890
2848894731
93441175
3361509592
1284628448
2958543255
898974411071647744
4574579235
877039175467495425
755174898767634432
765232802266841089
87266452
760790901182660608
866048855644811264
744323426924503040
740250134836064256
322724011
2826281482
269347695
1239300967
2569225141
2898499685
768410840
3145166454
985154707013472256
975323893610242049
982421581631770624
3018928053
759081630275399680
624002789
928969086230548480
1543784779
4570149041
106566215
937687856767799296
1493481368
703957783
757322543422435328
983117546365825024
2490258398
984558983678779398
186944746
1372628766
3004704425
1522812043
831996011644125184
3004329465
103955666
2467510707
3835018636
268535151
4027024167
2774103496
372031240
420222672
964293477117853696
2305565011
68858190
745327070671175681
212424205
198472213
499822146
946184197550628864
1001580697
2595478933
1541035322
370812930
153215373
2199440662
925519372671700992
707451935557816320
60738628
909280619179511809
2757291923
984055094890115072
983846601151143936
920756238467719168
773308593630220290
862446456430526465
4847357577
296965191
980557519176241153
72974617
1045527037
903384072726163457
934960820873826304
2252995373
275139096
2399068681
774459215364710400
328107659
94862953
375253974
837108508352995332
63752257
828242399247876098
3021928732
30883708
2932046398
849373662541213696
703663028592648193
965722016233000960
73982947
4874121711
975809941587021826
4441492521
161833556
982000985970266112
4616858062
923983760
869210084458549249
1058419597
3305233673
1231927884
745299930458296321
908680448
2598826210
3365231884
1694632694
390682057
796331970057752577
975188719123816448
976473134416134145
1314119582
2699442931
966845543153655808
2262902229
2214034896
580100195
975127474962132998
974885341676101632
1099770451
3323003577
3063209363
55387061
975931300434542593
978453992798859264
765048905646170112
268825924
198648922
825924853534486529
480452259
816425433755504640
2902979957
822754747203645440
720299486300377089
2548071843
3380836977
28629200
809842902717370368
543779324
2318945909
1603452493
264825169
2903116892
726965750909571072
1214250816
889644733911494663
109129866
42137608
250749646
971213920840101889
966501202845454336
3342250990
2468520874
1445203814
1594014798
924305492050104320
911084665997422592
950440361175986177
227866751
973974782227165189
852500630581239808
172157281
1384689079
1310994685
285735030
626117429
974353342888644613
2873660518
114196784
774326965549563905
2951721970
4580250341
3004448847
2372424342
751159548325556224
2654405793
1482807097
247851445
312225563
743776372305301504
2212979784
4217200205
469720116
72417242
183655486
3236334596
972965206287638529
2970551651
864288127669633025
2660546794
780252672247078914
203272044
4719186287
617569661
973149048399155200
2288773438
731582444781064192
967776523804663810
220655788
3145381210
61868439
745438024150900736
1038525528
948981433330171907
211352807
2205800971
921053786499624961
2855793201
1020313489
3008345734
96847093
3986974163
633835573
367258186
168737442
2851301206
1563686425
1417877792
1038070723
4262009932
165503860
1613500429
1046464436
331335685
257608083
873265815298215937
731070557802893313
827321874736623616
836781592525725696
338493742
2569701203
926090639401537537
321928850
705875812986310656
3845616221
2501139299
1115134075
2181411603
2501977458
1939287007
3187778224
43402456
373038810
3435949439
742153207468699648
205367304
871887292767641604
1625676738
208777635
4827664629
4374476842
4831282091
946397694750347268
722958201403129856
3312132447
2151419472
539305836
167792897
882425973148459008
125977081
846482901424332801
3529600876
1544708192
66589148
613618613
931333507393179649
971156619794026503
853594543207350277
179270699
1215955014
286738097
794252467664027648
2166893756
471935033
774386516516859904
2689713615
799446786473676800
2348824955
363372100
161896176
916691416688013318
157449725
795607660976603136
2958991497
114806196
70536641
824469693880827906
895400071843414016
2756361713
860066580
876207016980746244
952229244947587073
211275150
2595646021
52448575
3390243501
938382024330678273
863122507502673920
150488130
155653018
2624407901
711410261257801728
2838561436
842936743628357632
177732883
966723325887242240
112690789
2894908173
742836121663639552
4006566562
963201886248718336
2196994680
3339271139
836392006175834112
201496871
754850358241951744
961792641154408451
966111632165429249
2271862011
928243111725293568
707655975780614144
900476766288007173
950219662498893826
1852185750
2699281786
363868042
186924696
915707883320377345
1411107290
132892435
944349822777163778
169731211
176992307
2977536509
932792277973524480
731175293797470208
721346262461726720
2648782451
3438804345
268891085
3071003399
964317804378943488
2749026682
2946925024
952658426546610176
4055586568
859118326055915521
1519401944
4805241801
3433464735
493208484
517017400
46259872
1222741922
3094195031
233275324
945474114738892801
933060441391149062
608300667
961011193627463682
921535136906260480
2525337461
291346506
2980185831
2244130627
3312601457
892943342522298368
176556287
769875790225936388
990875953
960376851460968448
2662810359
813235147231346688
4902443476
822933727907106816
2493544126
84163529
766607857
3354232810
745429773418127360
960643474751131648
741249777107668992
25813136
954944311006818304
26018908
938955247036321792
244704914
112039506
405108357
747089453060071424
3438585316
361389998
937431609892048898
1660345440
2736422302
822177244093222915
3131630061
2790668733
839640092838854656
3243827848
190778093
4242236363
4739316735
3121818802
900777214475677698
886915343591104513
163465197
150365969
158829633
39134175
382634173
919618778362769408
314887497
1681904474
313596900
947702054574837760
810622672501669890
952016050262085632
54329451
114799162
249355364
164682400
758364846526230528
874070270
336532011
241216799
95414933
2874936681
875756736484921344
940730156825632768
718653812744065024
164678250
169083129
2891339975
391543412
810067181031538688
1264628874
334972184
937040852580519936
803389284464164864
290882161
891742247544397824
916375553304944645
2519027950
471912829
21005785
724424905836642304
2334284143
2593793377
723987839399153665
2564487305
3725246956
74486483
729307651469881344
4865785385
152809589
64907237
257710740
338489204
717196762881126401
629750620
937709952172548100
2912432115
2421487252
2959407329
866761052326952960
910865129142669312
71095589
915780464501297152
2148022328
345503180
264493155
56555359
939460938
738705705465679872
711640582750339072
907029562927742976
863908283492564992
919178498174083072
159864858
381655915
566715488
101042859
917983045952655362
806993417414774784
73704523
221190473
340516888
3246807719
1341648728
138212232
398851479
912758796371537921
177543613
3181695909
262425183
874212253721079810
834015978182828032
792029674356535296
2942178755
139247970
928253036736188416
50029117
23137514
2928621765
3167111213
92845986
886434361205248000
4078225455
140151105
885987326706536448
919040981164535809
925477719491645440
770358482889502720
108013542
161730202
1436833825
711360106466844673
925046103279620097
3107911353
162541064
304113161
865169801429340161
3335444860
751563219198742528
2355363844
995683357
1835336287
2251121534
910499275733430272
61899541
4250393883
728346758292619264
1125618199
859637266578378752
768272647520030720
288464157
321999557
718761913929306116
222618168
916392717415890944
3232712639
4874195231
1908775568
781232435791036416
904524625211789312
917125335577186304
801037776074539008
896937906270601217
343127306
809037346549153796
910603353461321728
56601969
3431543301
313749806
123095534
1044784158
910848849006268422
326323550
2395218920
4476644057
389241226
759956526
907576843552874496
746561194656432128
821763293949939712
3980550437
3396330100
118789657
438503144
1031109025
446512322
68517835
414937153
324502358
704830965542092800
885853228356730880
367136457
904707741515747328
906901333621571584
840550075399057408
2263316737
158515159
177732701
900382159042686977
69361194
130330525
162900892
898597414378012672
885954482252730368
731811443675430912
750072496809017344
359991659
431936891
251370313
257701740
3218909525
171733526
873382809674686464
617218529
189540885
212418773
4034423235
881258706436075522
2640801429
73512315
67462688
3044178028
273593621
894559765464010752
1025000761
3347544682
892430846183034881
2641479635
869408303729827840
547175920
145304935
826100061117505536
863542344104194049
4850416629
853719229413154817
851108835074953217
849060512822423552
265467545
53740565
837749554854383616
2860979745
3381214486
325814837
827293088158724097
301164777
2157850564
833392211459002368
86861067
3386651279
829674527663783936
701026638612537344
57822642
784205642055684097
794754711463358464
2954055838
814826763289239552
635750074
505131061
3025685907
809606563619082240
176559640
806284299754475521
81247331
238648732
712198272
794602321808424960
3030085802
783467830243160064
747442747074842624
787740549071695872
41231345
783278775769374720
53269066
297136761
778626882594111488
2864367569
3119499765
772883922556428288
179655882
770804013331800064
770626497925222400
763561429559545856
769671911555133440
355835149
768597250469720064
751346329796870144
768191997563793409
1952663664
4715883929
766455200181784576
73176372
309708896
58615533
763169559658520576
3405697894
344278025
758795817561882624
3627495856
758420615632134144
59152491
303389922
739629573084712961
738908943901200384
3066068405
2977060876
3019348607
737758604967706625
2328801324
2512934342
3528987015
3109833147
630511884
1574030496
723183649164652544
3076178721
699720734789206017
3361455185
715533480587882496
4279585516
389545219
704073246929514497
710479761735360512
4451574569
311418078
707284756518588416
705870531023736832
121185704
703022523257102337
2402240737
216375480
4899932920
3341074203
334307026
698316034944724992
4342407022
56411323
4798000678
4816234336
4797514642
4738904782
1636313713
4645889956
4705102408
306375213
4563208455
155178948
4498452681
167294199
3378028126
4099244775
86405052
463332301
2180153306
4221980015
2576830484
242809485
4203687370
3982736897
962716836
195968990
4023418851
2321839481
54596163
160720875
204061113
2201976024
3103083201
2844524711
2751058289
703505149
2228048650
62514958
212657777
480896646
2977634115
2317767439
3904796119
25284121
137764549
2225657072
3913436560
202759368
3169750173
2937628888
282813336
157122507
3037835739
195889616
88762958
70121208
141419955
2739579459
345476466
2812172080
62169099
3001037714
191766781
241979473
925336256
3394799937
274229749
3786428057
189715759
340676390
2443408533
67887849
1694656998
3526670233
106397918
120435004
327079593
3742803855
51832753
341800519
195107546
61348900
3593380216
1260941142
140449671
2885626841
189543244
2958529211
2898804291
107083325
410791444
2216971676
319731299
124019266
3156804397
3544791315
49390483
108100823
61918305
283290662
1013214384
3483059489
388933645
3369245049
275728034
3406181189
3402112853
3395483458
3294208449
169746678
133004779
3153905304
180083959
3370920508
1566234259
70809652
3304959987
364579938
214739723
172869285
1390839494
3316233129
3207610623
73162787
3150492679
2751036545
134794582
3293691371
322117728
334228759
1018798914
3239284505
288245160
237376201
3202995213
70802270
3193106855
3185204559
149126574
1107722688
3161224037
3130983292
3149054637
130637742
52897757
3137444378
3064008839
2962474151
189302958
297160910
44371907
197527325
457777267
325593705
2938323789
3045425765
3058122860
3053003240
3035097905
1660322437
277769165
249220344
2901711635
2331384353
1561964712
2440481612
1042481095
48002459
3039115401
80069783
2978990714
58939981
119763038
278284832
348725629
30119275
2727448354
1319012748
3001464263
233260410
523404405
2289133753
282832992
1461187837
2411557905
2810285515
78455758
397876974
2964485908
2447290990
2967181121
156137413
302712905
1175691007
327501559
2942557288
2934361673
2936134622
2891926329
2548562984
176877663
2883060507
2837494218
156429058
724632804
1223018940
65053659
2868171606
2400738985
2796728201
2788243834
71900051
2792269328
130679365
2378156286
2632358105
2342180186
149195032
51345366
307416980
2718481215
414942923
2733231541
309758146
2578811125
2743533214
39815044
266920271
1206413881
2745123565
2733721947
151731003
138803774
32919180
2740484294
2739728143
1705322449
85936522
2730556856
186476403
45661585
571099267
274799329
324646752
791542968
102144370
331443540
188812632
50300261
263387984
100602735
62560324
2730934575
281134443
384598021
182108562
2697109514
161839757
2695849159
38921206
217255414
62551074
475347798
84135996
289525473
212412290
111168004
891443780
2670911911
2683713083
73454433
258791408
95637877
1581759996
65687321
799082648
377449807
2596899406
2652340814
2715843274
95658682
70802145
309180716
2714664154
369550352
16960127
2705712269
493582628
1616299339
286829432
79530070
45733054
57810345
91197720
2636946367
2632528472
46183794
131575469
400830211
2691640203
234612242
225923796
2601546218
477210234
2674012702
136767129
167079081
180986966
2665652771
2664046505
160740255
1563289129
43113215
85213902
2500276218
61934605
2631998573
2386976643
2650646908
64725720
2339856611
67769017
2591543287
2644696150
228218150
270511692
1114262520
68213845
1290281610
53712457
338663694
183686190
93071096
67088747
2584143892
63878679
305752287
2596029083
234935745
60431469
54729955
43147855
2279573076
53131492
148863112
91791847
93696918
215467721
262420105
2620926593
269892002
62967837
72961780
71928043
37990911
173230431
80726152
260465702
42126092
1046279214
2567689772
1603946064
223575412
396572568
2548795884
33939509
2541780522
2250464425
2478974532
385187985
708087869
585078264
2519509225
2394723201
2508574543
180007290
1865883734
158094270
1616002927
594653920
231955810
552189423
165787541
634872644
82768719
57042705
66160815
426111477
2428189830
2444779304
2467448800
267187302
2444039357
2387223228
1202285658
63942656
63010475
153590721
134473724
2392562514
2396285706
58968983
2395238160
72386879
53096246
66409119
42891171
2382002586
1543857859
2392463152
107475978
2359996830
170126507
67972546
2360162677
447226139
363192952
1376050322
2341272168
216466588
287468062
64255896
63733891
2254280294
264480481
2327603778
86551740
2313695900
2310904837
131910720
2243150346
2293765620
231605383
38276451
167490195
326522431
1890691405
2284520042
120579054
50060652
87317795
1189900285
221549158
243345908
2258053642
1965650682
173332219
2269759716
121205585
2269654615
2253176110
2245817643
2269599266
2269480946
2269477482
2269477088
2269466516
2260438334
2263207153
2269206259
2252434768
2269126045
2269121191
2269033220
2251062843
2269001437
2252135627
2268895614
2268844110
2268756109
2268732385
2251844104
139763456
2251286139
1488795931
2268241892
94350615
239462070
2268105522
2268098191
2245712279
2268040632
2250946827
2263372214
2267867815
2267799169
393897223
2250586271
2250578249
2267701657
2250461651
386702494
2267649492
2250416907
1613277128
2250398656
64071442
2267581898
2267325668
2248869659
2266984976
2249366349
2256085406
2239093241
171055026
2249143479
2266595503
2248936517
2266382198
2266336598
2248609817
2248529613
2248500945
2266206356
2248384049
2248149449
709495571
2265115051
2265312030
2265268220
2247323495
299923285
2247281481
630379709
234785544
2265144091
1441687021
2247116577
2265083130
2247032260
475724793
2264937829
1676400048
2264864455
2264787061
2264773045
2264764206
2264757630
2245540655
2264691048
2264615592
2246365901
2264485872
2264435762
45890496
2264410628
2246276871
2264358084
1615950186
2263779679
76954604
2262181748
78125994
100409265
2263581493
2244036975
2263566289
2238428236
2263523246
2245618929
2263464235
2263426590
2245490758
2255448750
2245363570
2231416734
2263222518
2263198208
207921452
2263101925
2259329341
2244823954
2262861902
2207331322
2262725984
2242122268
541789385
1089223232
2262088501
80909507
2243992923
42243649
2261735664
2261597034
2261578472
211746236
2260924586
2260784922
2260773853
131386619
2260413120
116507164
2259716293
2259408530
1684077799
2256786816
1602249278
276054595
1952877350
2259346212
2259307136
1043274890
2250243859
2259234097
2258913012
2239378077
2258491974
2258402262
2239166781
114825202
1457511770
1616369053
410197421
2238948791
2257833104
1025300028
2258172066
2258177185
2238616455
2257990272
72687677
478597657
2223699155
864784524
2256103669
2256041113
2234080613
537130099
2235579195
2235405880
2255232354
553494893
2254970256
2254939255
2234035540
2233966943
337320235
43338727
2253950353
2253892669
2253769182
2253760532
2253719371
2253548112
1367876173
249725149
2233145842
17012218
2252756832
257151649
2252638496
510356019
1726151388
50357949
2252263357
348201942
2252167472
220043754
2166419244
2249287880
1057464128
2239226534
2231197270
2231069201
86059232
263317187
2250967724
2250963991
2250608515
1335024296
2230453847
2250724856
2230013038
145023291
2249733361
2229468293
2249613452
2249597510
2221861139
2249428645
2228972663
155551523
2213353481
2228899798
2249030011
2248995032
2248982659
2248832466
1046106403
2248569786
538898741
232673938
105979281
2227347357
2245972141
267517996
2245785156
2225254443
71835067
2244683240
2244661387
2236516988
2244618559
2244540091
2244527120
2244376866
85295573
55272900
2243976895
2222302713
2188238889
374709056
2242921783
17088125
785956759
299351564
180584293
2221433116
445069968
2241527545
2241098821
2238321474
2240823834
2219468554
2218682675
2240056303
2240034038
2218543943
2240021940
2239947902
2218518641
2218510324
2239921669
2239876368
2218424949
1381925616
69305105
50114412
2237771604
2239752656
2239725685
872386081
2239597896
2239566295
2239499820
1547106673
2239200182
2239124839
2239095630
33591189
2217419218
2238977100
2238966554
1613782418
2238516955
389473887
2216676647
2238260882
2238191155
2238145026
2238126859
2238077802
2216222271
2238042973
2216091059
2215746988
72091831
2237959412
2215972894
2215963229
2237773789
2215820057
256722768
2237588191
2215763177
84315437
58884966
2215548423
2236963735
754061156
2236594476
2236434073
2236370065
716258888
2236337527
42463741
2213751671
2235327500
2232137557
2213109389
2213006393
2235172692
2212440119
2235136820
2234881818
2212469362
2234770952
2212352565
2234581140
122261518
2211523811
115787006
2211395938
2211302877
2233682142
2232105446
2210902023
2233131667
2233496762
2233417669
300003855
2233337918
189946061
2233045928
2210409346
2232995202
2232897847
2210319009
2232842750
392375345
2209681001
2209660378
2232213900
2209624984
2232207894
2232114438
2232106310
2209415458
2232024032
2231999214
2231977598
2190195904
2231835650
2231833783
2204532562
371548268
2208933801
2215712497
2231614340
2231566638
2231520252
2231387906
2231412168
754027081
2208710835
2231363496
2231363942
2231357702
2208617255
2205291981
2208162231
2230609316
1305917550
2230578822
2230540404
2230454071
2230409156
2207739370
2230251146
2179938904
2230115178
79578909
2229977671
2207168974
2206942558
2157939381
2198586190
2229192632
2206751133
2229101077
102975155
2229001819
2228983698
293664030
281738006
2228831472
2228821506
2206391529
2228775504
2228777065
2206335766
2228736908
1075536913
2203181956
70414895
2228410730
98956166
1353131352
78368557
2205877935
299814211
251268921
78955946
2227527001
583098649
2205337126
2227503126
2205305320
2227415779
2205201945
2227267202
96115037
2188353518
2227070773
2183935485
51569950
1613868128
2226535412
332546330
2203935075
2225705996
2225601890
2225234941
2225193703
2225135088
2225120383
2225086968
2200978325
2213273743
2224966742
2224720208
2202758553
996158342
880926954
2202497585
2223961236
2223963920
2223911658
2223898357
2223886998
2223890028
2202402226
2223843420
2222224615
2223816852
2223802572
2223775736
2202301493
2223748022
2223742628
2223701432
2223659918
2223658866
2223642294
2223479737
1695051396
2168146587
2223407070
2223323162
2223324620
2222093042
2223276997
2223206094
340322058
353141832
2201709227
2223014550
2223001206
2201542269
2201403929
2201291080
2222374938
2222312198
349195073
2222241642
2222215657
2201094033
2222100637
2222084978
381864942
2221935715
2221779674
2200559343
2221316228
2221298972
2200204091
2220644792
2199964737
2220600211
2220594840
2199941177
2220582523
2220560960
2220557546
35088188
2220503689
2220442129
2218321717
2199788103
2220403632
2199772006
2220341826
2220318692
2199653189
2220271405
2220249630
2199623008
2220214525
2220197300
2220168403
2197915300
2219962704
2218769382
2199319721
2199265389
2219687726
2219711287
2219705161
2219612941
2198646095
2199035633
79258066
2218739090
2218623654
2198543495
2198351895
2198261855
2218109065
2218104919
1708551026
2198115256
2218044841
2198045188
113085663
2217706938
2217542430
2217452552
174398934
1783548822
2216848344
2216757097
2216724470
2216676342
2216500874
2216454757
2216312815
2216276424
2216261180
2216171504
2216162125
2197118223
2197088189
2194389707
2215838683
2196825549
2196779261
2215518619
2215116362
53268259
2196301474
2214874662
2196229690
2214826291
2196162285
63181149
2214783036
2196133343
1869719232
2214757147
2214713335
2214688392
2211316267
2214643452
2214620922
2210668764
2214612097
2214574111
2214536058
2214524448
2214429500
2195759633
2214349609
2212717326
2214316315
1126073701
2214256926
2195629743
2213115402
2214126577
392254922
2213867906
394187766
573608953
78609853
2203696602
2213276234
132713162
2213129742
2213127264
930201793
2213074514
2212941007
2212817942
2186778529
2212766754
2212717680
1682106146
294341599
2212543057
2212413049
2211804614
2193563590
2211685028
2211662791
2211510920
2211488155
2193364942
2211437180
2211397950
2211360163
2211116706
2211108757
817758750
2210959610
2210929134
2210901102
2210845098
2205673518
2210790822
2210703644
2210744455
2210672520
2210632824
2210570575
2208915908
2181186935
2192573559
2209818602
75113367
58903811
2209760142
2192143617
2209698884
1507521427
2209633998
2209481390
1713492043
2209343702
2209297170
227121613
515731556
2209189718
2209115370
2173163748
2191317886
2178580895
2208921194
2208870991
2208850332
2208168487
2208683544
2204621456
2208226639
2208224623
79760322
545114857
2208150685
2190703354
202397270
2208109812
204542085
2208057476
253695096
2159288299
2194192501
2207987430
2189836079
2207911592
2190548465
2189361905
571076225
2190480615
282629766
2183019552
2207857843
817276428
2190426567
2207764386
2190904490
2190256821
2205537168
2190323709
2153156753
2206382329
2174829396
2201737633
2166629124
2207567131
2207518082
2207439314
2166929244
2204457432
2205755304
2207308286
2207328498
1683335516
2207252814
2189964165
2203986048
2207151816
2207028036
2189762212
2178266378
2207076408
2205674340
2205507678
2207077375
1670934487
2207059633
2207035472
2189789140
2206966898
2205945266
2204652354
2204969353
2205696852
2205571448
96379657
68757415
123380306
2186809041
2202285558
2186780015
2202262068
331895137
2202240978
2184168044
2202205190
2202208957
2186699722
2186667201
2158783585
271213354
2202007970
2185706038
2186455942
2186411949
2201825623
2198483281
2200344888
2201778816
2152846278
2201678983
2201522113
2201491826
52406868
2201485591
2201469342
2201441828
2186062121
2186054385
2201406344
2201294946
2201294718
2201171952
2201152154
2168646165
144910267
2200579074
2200539866
2200481953
2200466138
2185343074
2200428499
2185319103
2200346090
2185243449
2174571339
2167141586
2200174248
2200124648
939602077
2182031716
2200081855
2200066555
2200063015
2200049040
2200027872
2199968773
2199944036
2199911118
2199912649
2199883710
2199826710
1665508496
711696531
2199736520
1976128554
2199465770
2199101780
2198722268
2190696938
2198633539
2155179763
2198605387
2198569658
2198550691
2198569123
2198518891
2198490121
2198476632
2154653249
2198471209
2183736789
2198418254
2198373685
2198323513
2198321635
2198319013
455166478
386617498
2196865344
2183582129
2198224160
2198217270
2198164417
2183503972
2198129887
2198064385
2198042413
55228322
2197917715
2197922372
2178306888
2197872805
2197795759
2197772629
2197748875
2196593365
2197701301
90865662
2197509799
928322486
1679740831
2182779676
2196041936
1452440580
2182688457
2196957038
2182610291
2194855130
2182559211
2196760992
258891842
2181406121
2185128319
2181154163
2190415116
2169584585
2161884144
2194330291
2172758564
2150644740
1972742995
2192896885
2159575698
2179909773
2158709967
95001488
2191310509
2188584438
2174631756
2176925024
2178163775
2189194818
2186645005
2189039220
2186139961
2186573527
2188807734
2157205693
2174246640
2184905192
2187503210
2176247641
1891867159
719492782
2185627356
2176864512
1969278218
2172537932
2177009106
2170652973
2178768860
776419070
2175821413
2179027614
2177049001
2180905766
1957779775
1975910700
2174353675
2178555920
2172126713
2172113335
2180002196
2168359356
2171586225
67475668
1961062058
2176388966
2155599368
1909767775
2169509208
2169208534
2173155379
2169243247
2172356958
2155511491
2158053371
2164089688
2176588153
2162215516
1969234561
2170137804
2167018113
388374404
296962901
1973209879
2167286438
2169321991
1959042030
1961314842
2158561673
1268413033
2157635556
2162451699
2168407417
236043653
2163413395
1937791069
2167489004
1574221944
38705550
2163485472
2149915250
2159684871
2157687036
2161771526
2158038419
2156401805
80156972
2159448790
2148030217
152678447
231110216
319971112
257682775
1593894859
1972870615
2154176795
73523420
199110358
2153633414
2153656381
717848027
1930801993
2149074613
1928685912
2155418287
2157497958
1965666158
2147490128
1979315286
2155865317
2155561970
341340776
2155420692
2157062072
1976399106
2154412359
1914057168
48720952
2149659181
362732042
1955403242
479080832
1961673228
2152820472
1911017622
2149958419
143661477
358912555
74194767
150555252
220804722
1972927014
67618826
1372630884
1966073144
136640054
1963520251
1962728636
125218841
73191977
982910449
268899320
147980647
74554973
706365495
43163411
78161944
1290230424
326856738
1942642128
87814641
53451545
191910933
49522392
1924583042
358504455
49189696
242852621
1924470564
171215738
99634240
45439665
87766202
64019242
1918708117
1679401550
1920519612
422935318
141770795
193073023
223290771
59932730
88036301
138122544
57823997
393697214
51655687
131900755
1897472293
1652092022
265575024
1388960108
47443884
381024784
65943235
322810123
1865702274
73724541
770894472
213460947
1613189238
775838947
33625777
47155357
158151138
155370458
28866087
1838144666
1840901221
35570060
379477300
207273301
83182546
380091344
80897235
170858361
1658661679
225183120
1730254626
1686870470
214571338
94510174
49465127
111581032
1710553148
303496783
100100515
90031784
30988471
48148068
336792656
118480751
196044719
222998629
59823819
82874886
1699037839
44132494
48211621
298143217
290766072
293800777
96796332
57145622
214632908
39546509
96005722
40084738
243718393
47691301
58113751
50476097
223686318
105247266
1666644505
276736313
1671425306
387964912
476133740
72022923
99354354
55740096
105026516
1666695948
294946677
218526792
71867332
72117718
105528852
280698019
1661450246
260976183
77338789
1661213396
386076326
1656206240
166184828
252233975
126755507
171714219
28680341
1655200351
58643815
172990865
145228979
183321998
1010454144
436811336
75603292
242295572
117912144
213415979
334381019
1652358912
38668132
1651272642
256091700
1624320721
302362798
230021620
1622103019
68880545
209828606
86294613
63183991
1639028983
261239181
1626507980
188985073
248458265
522690962
256705184
472884949
116012689
136784979
386762501
287801088
1619207095
58734949
212281724
259742320
72035345
945886388
168528127
79775537
246577982
1605913105
1602593203
1589340188
109007623
298120044
185411146
297786943
275800803
36205909
54367069
121492478
1539874640
78083311
501168593
29375622
349802230
45023570
223686023
1513705572
99495520
160609401
1557957420
78159195
1535420377
135343598
499200715
1537558549
72717507
224010477
1429286677
1539769908
104909141
266103055
89576524
37324455
165795493
1532151738
260449083
206771752
1004452976
123008321
613909940
219375178
1088476867
1526098818
30575380
75923488
1528228159
282183220
16296862
251741837
155011921
26085712
1520727470
1517775319
203393764
78697888
305526640
60692661
51932610
146971745
188149519
1496025800
63511702
1494208512
525954514
1118913421
142835647
55318333
1422197250
113763544
187660884
1482279816
1480835648
64565054
1471115876
1468505419
36488629
46819499
119761875
362421269
38967934
306530328
210628235
223926478
61058576
113145605
1322629584
17177982
1362448147
201963571
77748079
834383335
123960234
113409329
348564220
1431446802
36066686
1427233963
926684383
70515441
912318097
1424490476
1423550743
329734001
1037967542
30319971
354375951
491340492
97688461
1412993407
80202206
53223026
51537216
77320377
1302342505
179274594
1403392694
55968048
228503385
53521696
242127726
227524012
1397468372
94432957
187372820
332826267
260508826
118519752
978365234
126745697
1389981920
199857119
1357283845
245598073
1161650503
45598285
1381943436
241582173
78180558
1378263944
82387631
258128876
1377801672
68974116
68737141
1377155352
31113322
1153597746
57640227
395617524
374303873
194394913
1261195046
141904422
61571631
700025816
84693996
1095701719
1321628948
80147645
216762024
129021003
954757748
1338091530
61264256
59150875
1334802834
1355803586
70769408
275217516
1354772996
184889612
1354524097
323286912
1347894324
1352631560
65412629
64025274
1351205348
596016607
539064723
72330338
93284652
78794829
328151942
282292134
70379487
122125330
157388142
150945393
69783673
1289868750
1343062801
39572067
1117593810
36737230
65778308
213018575
1334341153
57681725
1330544784
222262331
172607268
1323194618
71090552
50762891
49801448
1138102706
154753238
249230144
1319266801
109321289
308186327
317857879
268543714
235324615
72615546
75433714
77760798
794534970
203528453
131701176
1314592483
571994800
607284878
294378189
71385098
95339329
1290215328
82932746
237331371
227743764
79290311
1305203005
1289646913
892043180
343498099
80637162
47430097
182587163
73970351
1292980380
599267011
75856238
288181170
283169638
498151829
31543037
75690992
324488331
120287588
229241308
98265574
96465103
61825424
227038668
722901504
24959371
72405112
105853421
68830128
63562345
57085221
44935019
161448742
59008090
53777132
47484106
153530467
120825994
323917620
160972534
205450186
63491436
73267759
64808806
28260510
301692685
90977865
1283248375
57467673
69173388
67648026
84483463
1155363704
98203096
29497334
1276168850
1278016807
187269717
42309962
1268038801
65959439
731630340
1249093308
62299578
95967989
39734655
238359368
1263063457
1262757553
75876075
222142088
71096424
159618153
1233233414
93846450
515913286
1254121549
145710722
340568850
306909760
66009777
107461459
205374782
191502521
81261223
87175811
81837468
245531234
1239333342
40380200
123342766
146964335
192708742
329231511
95042817
63846150
66503233
78007374
91152730
54959090
93000064
156817608
60632405
66412483
228229104
152370623
191920726
58336168
1002887382
188728664
111639543
60674160
68880324
229221488
146657658
252073627
97511586
818002568
341889972
1195368776
42398097
52771455
456728950
138817801
122791121
38572599
149973929
55135012
1182956365
466022116
35194825
237681426
369199507
1180709377
50423024
59171279
1143679867
75877884
1169767681
255110108
616621544
273217533
42968111
1152549775
64117352
1148688998
100754560
132203446
193989616
104622020
1141164716
209265425
1140852734
778956091
155992276
167117592
68545274
69392972
71907736
888063734
238955246
33369329
55060428
199236638
77857548
349995905
316787559
177538369
387405608
56452205
66571591
1104983894
71598657
632447588
900968706
301641319
74446139
71911076
1099489458
114290084
1097102233
264530868
213740506
61504061
73507259
229494885
1090717159
325576796
416612944
1056147314
66014599
81438206
215335862
289561481
39382769
170823343
1075732794
219089667
158909221
80714498
1040855928
285194365
40749611
117841908
54305122
1063752750
74857654
98173171
87286856
282843187
21708446
88947108
70129941
49221539
331786088
106502270
1062104354
370904249
42818206
92395279
1029018314
1055162666
336601020
298199470
67448764
275558409
1035913608
72415525
101045020
79057426
1042741892
44428766
1012180735
1016100456
35354091
55350529
177772943
164431150
822018080
69157074
1029057810
48414629
60191230
143615626
72059718
258960749
1019578789
159286375
325255174
1016423196
290556976
320936724
367452832
35275667
57023569
282140844
433361348
166789006
75129920
1003119384
961361545
156796976
62509077
48459609
874737392
56586058
48093093
55333037
68580703
132020555
255566865
497220077
161946168
77583985
701201058
217848004
92410030
54717925
58154593
19988975
61773249
109620010
985470234
56167695
480561019
982609477
282284163
126071429
976968162
218119005
70161757
979295304
242718279
71300676
72288360
28290134
186949204
223275247
977136774
305319539
275292791
970243256
81958549
200555508
78024148
100226436
289082838
133468053
53795396
241216764
63293504
387832283
109537785
84217497
152310110
258358703
42487048
49331819
205046149
282267414
845634523
319391993
196583182
592048377
174522642
593773922
268853392
360267369
949745430
56220352
53217496
923670865
946681201
104143080
13974072
60788926
939332581
50841219
934700533
303083310
158171786
454884755
889550635
926338604
68517217
76521735
438797584
920830885
271214528
713351654
80388405
138214687
245537994
69462136
230916012
65166763
73929453
293044453
158578775
128641148
184979432
910330038
234246613
213437257
64099444
156818998
159206314
480833796
97769784
56004888
876186770
237090778
111162357
900691592
90011548
127127696
69863354
71703388
85437424
722313595
120161878
892391948
705862142
891527966
67714134
161827177
360626143
192336123
79063119
30799065
259288028
57201438
73253504
79786003
337276225
61861480
39084648
106546959
67475549
45150477
52549375
167075826
169976344
40993611
71086437
870122606
40130681
51913885
126948223
59728235
506130402
88811167
59558168
40381918
30824683
861391188
226155432
469403465
272184838
176961961
53823551
64459946
851143489
145476187
46675780
224619147
36182189
842708742
100403190
392320501
828159193
253787026
61757342
297585553
263714799
278310482
128226775
82233366
813707594
56880304
57779642
49231960
820703508
15895380
230001314
233386963
802542936
60948998
35071921
261846276
57827864
30156827
302287005
43228138
97295304
769602229
47659853
58548494
28415756
562513170
796559000
271144355
36538801
487047803
770110513
404230252
83374040
199025042
201718296
348877484
26100179
375807316
782850470
281176579
197782778
72943902
69749915
82233617
184971657
231950755
778577797
44413042
90076774
54629593
59943118
55701718
233749605
597850736
43207866
97342771
751747574
51204494
768566502
244138911
766559670
628001564
351186298
360814859
59010560
198546116
170418667
63213743
731796019
175807179
296376444
63586215
111684267
756988117
600661857
81688376
62637612
751741819
211684013
167375639
745581666
735217850
187043869
339265019
169537971
20844587
22079371
62271168
737007996
59225156
47734531
230552275
734816562
734739571
244358971
93772100
50449420
217916276
633819328
74201342
636534909
90529556
336146160
343771879
82102061
39405495
718634215
244697533
40585178
279289176
724661942
241340884
151330863
93106313
242134672
274259919
597704443
201733250
276772278
43884573
586685055
216181425
55255142
357710595
183295025
447277214
285388412
711765109
105018026
86623340
353702660
67379541
191435984
152448359
52878868
154607367
113986558
80435851
57709364
39051721
51072944
220909020
100169673
89487192
59364614
60410847
54301580
65213372
187569769
96225123
552929041
240285396
58937257
280248006
58817283
25595670
242573190
462903914
69635660
588661864
293260447
188828582
173648890
267878067
372008699
99585189
129242333
134949321
613866177
65751015
65767089
430792450
298885156
58062473
111299747
110676826
151296193
180488723
42918494
114875319
70185952
180990156
87174257
34035293
57756416
185814575
206358390
630725973
35581831
141369097
74588956
630672013
31623995
62902616
165945981
82625813
169183890
73944829
227741388
609562183
82129862
125465273
33283763
65524869
63577261
623032106
117493484
86116706
618615189
58369778
65748554
620328236
619709876
65459104
217356874
617991731
521690703
612862157
617439426
45017346
40564899
616207456
615610234
29497403
200896164
441159078
313601678
610339300
88526680
320158763
122071625
33276633
607581446
39081504
82127724
76686714
152736208
548859103
601302907
89496302
113161995
330471642
602360571
15938003
343564213
318153238
45456668
595027241
580488211
57522461
110185886
508312857
387789311
241079493
55669367
111733821
189403893
543950610
27235438
57757275
133165447
70421435
228235324
503196087
448525344
469810570
30696103
593012765
56413040
96612959
78729774
208749716
70455835
97107329
144310750
210257649
280241776
168733967
557184684
148022081
53673901
72573427
334946554
58645632
167855976
48423468
199873900
545451338
31565329
116032537
447106624
72915715
265657820
230358058
70839954
58351752
60465409
163607956
39152891
583153914
163727663
120621985
574045799
130930779
55618363
578262963
56705552
267311253
68779432
371921404
577633936
577346943
38299158
519644718
66588434
55676970
67749237
309363244
68467648
323407711
182536500
46569984
93647045
165594513
128632931
574161916
574110066
226586971
254692737
539406291
569332549
327656886
186239292
314165199
113073219
39069168
48459122
65806948
70051238
365137545
418021828
186642424
235348134
237786795
561285815
54425410
546884322
139288004
375760312
52155563
203378533
299319183
77271035
84481514
320941636
66494756
558847647
93960844
113519894
368359769
61065775
137804909
62326722
350610330
20275570
175210244
69505841
555103004
553249617
49323105
554414539
30438976
84873812
64465994
71397582
229505475
49010290
35244381
55288771
553029345
323856554
203292693
81258403
25342760
296476155
27865440
334076999
526644970
357490573
550552998
549632114
52137804
49698949
60643942
298226559
135935099
115569671
73680278
274811920
81234672
215761398
526365274
40524691
142428918
56831607
141668158
223532965
160683281
79301286
55855311
69927810
25306628
152430195
38052152
31462470
219777318
65733383
356528889
280197610
539558707
202330654
61795628
503731777
28096923
61848501
53142534
242099392
62697802
536533113
80006102
225230233
216172632
107318591
35243956
534798677
338658583
533809100
152772537
224292225
301805198
149232709
36820792
54610697
441007952
219481873
51220762
498461935
527439832
86210068
164070740
473038590
57403441
524869118
91660589
120929853
106495808
522867164
186677101
53508070
210319811
142784461
30333779
67361867
43605617
67757205
62386911
30297414
61328507
163594979
203131557
89058622
198119711
155611176
171308024
263863861
157361471
54308903
405677899
30723551
25154830
146278266
408700782
188868269
74000165
173523897
247494677
287936436
212436737
221130238
167060118
176921866
53560704
101918193
516612898
414428090
231220038
512408316
219093202
258552401
192739891
189023693
153996129
292342238
496201211
248223914
138920019
42311126
91778899
87055651
79605478
55561602
62953548
461331875
51491383
51651555
108116690
63816049
21515976
77333644
36980455
509066418
61366354
68512398
53439095
292619088
20825792
164299101
121895987
278102980
507167057
58355270
70064908
480712430
305189429
48514470
40105127
154531195
50514847
54445109
316179634
242760906
360585978
59812901
151187305
263625086
495654369
324558365
61926761
495204088
130350007
248749666
51800530
493533499
469491835
140925817
191104100
76456172
492696096
491897275
128025913
438525945
324568285
202347026
52790097
348226178
50669136
488766404
471058946
164465134
54389719
61819089
164390346
19545108
194181464
221138092
25903383
36449586
61086783
67925020
486121529
62551484
268588428
176217083
236421703
481453488
248328350
69467511
320367923
201756219
56774580
365283710
324704933
479798526
479777274
44949575
59944269
96051942
170729559
56227883
58011909
272153821
73650485
69421906
72604281
326508510
473235457
51434920
59896621
94903529
194312406
242365288
218537622
476018345
17997934
438934516
475283866
473310788
318491219
469987089
292007203
469378379
197871578
19454953
228795125
63244395
464295603
277482631
56159307
462895195
67458866
412716423
129021027
135583663
149687351
134178935
80461904
458752411
458704662
320252245
194581513
55403772
213742724
76512007
92352140
418753071
455960632
455340728
167919345
211236506
393144548
441954165
156072666
392689404
42273335
437717204
322812097
70466540
435475456
446776091
436260985
110585484
49366488
198504653
212069297
425042717
248694666
438342277
128352825
447259280
83049881
74319264
330283561
66247125
440404101
109089466
444816016
443069288
444510813
65618382
395926242
443113910
442398721
63903555
441798554
119422889
261279588
81377053
160366193
439601630
439192248
90063573
55900738
100611645
56162826
67958943
191358383
237931604
103558806
211165175
436190247
434585439
89248189
432980252
401724488
65741395
390490137
431830577
60699716
295353395
40574326
429835505
155361887
89513950
355671082
74874860
118408956
242923077
101896602
134611711
426083291
388099312
356995586
60224683
341542763
229261320
193729247
159966354
66408678
422050694
43463514
254144185
418843162
25721188
407169818
418576622
154678236
18200362
352045613
34020335
417866966
71758015
394278327
335572721
192409818
411713348
396620572
300331311
189379619
170158913
71108212
180344040
298909026
156433303
351961400
397044125
83266331
379248318
49430922
183295276
180769487
324977687
58473359
371833087
406888049
59847577
406654594
128971367
74571869
32917326
404192937
230902070
152038753
404484069
62276516
402761375
184070619
187536762
55639087
370750669
67441304
66835084
402204055
51345486
402157497
19707921
322370131
395921714
380499701
130551245
287869567
353601027
399456494
387527608
57410417
57426957
30756624
49861231
367983952
68060268
245131253
397575869
396960125
78408919
220079746
264572533
240819477
211667571
268913434
366260630
393334433
299897924
42229570
245576629
72402955
63539732
81677770
285760383
387376434
256096254
163653214
250863773
259533053
278620681
47004845
69363976
381861065
88286342
71310037
76721485
100635169
349839648
387500771
320502993
115080692
128760303
196722173
302658837
314094883
58633166
383237437
159555711
385080522
195400099
382405518
16752018
167842971
267416076
384423223
36228457
367824606
340786846
370850535
383323405
127701281
50017997
250830693
300582124
370863333
200649031
26659355
58371521
8729972
161781490
97906590
170122617
79244644
34727231
318651135
378552805
377071986
55965975
378014128
147795630
270096301
370878692
104958961
52038012
335322450
21570714
282894495
69796212
371959049
361536059
305324977
366077090
374269001
372317381
373933258
100201674
373720408
90887985
373137155
336763491
372960730
284347147
87121261
229133467
371927087
47496041
40680215
35773683
188330217
371396980
51935295
366183683
322279650
176927304
59885313
80425891
270022863
358523345
80216647
220127486
65377732
191217237
250711138
350514556
368185216
363328965
338454117
217769805
368554563
55033236
250893495
80624779
145399159
41117741
187311392
181176125
311483048
178534191
143869463
62991783
327623182
365791970
360226764
365626453
364452385
227113472
144236261
64785028
116271666
273627660
188083172
198027292
40726613
336738396
332857348
186906143
357153174
349076245
315590065
279508091
222529679
102542199
226239657
66026990
190719708
18551462
358857604
51510320
258826635
289446050
61838303
248769493
361575831
66820962
75456466
57211814
72138521
166606399
282588315
305906890
32225307
59624984
155416504
45353384
354955336
52932941
272076138
359981102
54465340
359940763
56601257
277484389
154963803
267980365
78409220
217801942
94380344
359497729
196353527
219850524
340262186
357707913
148883390
201514051
71104134
33508933
75411897
20535791
55249384
101568580
258068082
197583675
279289331
262290307
310433926
60212472
287415864
232602741
201739882
151202192
171689795
16444374
36163320
99710403
335531219
203970632
51807266
342025611
61810246
142437586
116558706
189541239
253361967
293243565
355536678
50002585
44772676
350597104
200726710
326567268
28722384
97443225
184480736
94627278
55417277
93014472
102546261
145017233
52859226
353760057
105209458
39379204
292603217
38504551
42762709
141435586
302231351
111968194
333672291
108996013
296535617
352683713
285714531
268532792
222626905
38725025
56362791
303529355
171693169
306882623
343672257
15210681
68041335
36232633
65471990
46002616
351392808
302291081
222673048
64535469
276634326
121511843
350518215
251923294
63845962
315195427
183397920
56776011
146108721
128748682
194179542
347982330
347847751
347889918
50512035
208202462
270933382
50851094
250193782
195429924
55857172
121276807
66505104
36729960
285863603
53434993
27686692
129652400
65529791
175549805
347566545
126899357
258892674
244316029
124302620
66218669
159931789
62362817
52207167
202344782
62360436
174845390
280581626
39077953
227373571
67137523
175894450
292073004
171673911
104702004
86142313
19404177
41013097
58059343
122148606
230206738
122380981
66517026
121490334
51858528
87160909
346733491
280669748
102241219
335617001
183068415
293687700
246862115
71364256
222555517
70544054
39803134
54741078
34654906
77096002
149234276
52967292
18687346
331830168
59828317
181374001
73263529
113470160
89238636
262289415
54201694
222215640
96381811
82919346
280326400
191426257
55936154
346110607
101080412
160883114
335702841
273265892
80667209
155702702
16988337
47754773
129322869
160277223
344307270
54011624
92572316
30286205
322053747
1629241
290794129
119199274
51523664
225437736
69475370
183262684
342442399
41480100
295385969
342333283
170335747
65236098
171777550
341315277
59303917
86787895
30487580
67664966
32680602
27335376
341374828
215067080
241927849
46983352
29070967
31897674
59187725
319177917
13115512
91831498
339393687
56570147
66814545
268816815
40284368
234034377
43737091
55394961
84162658
138402686
74865686
211145961
166966086
219485581
255335645
82718306
241715315
61794437
273508865
38787538
304609113
42219080
337530342
337426016
93199321
307540591
115791998
43255375
55884349
41209628
62673681
219127914
57973044
280574810
268538217
76339181
335944368
200887402
88069664
319697156
335601638
73798704
78442511
79212754
236019910
301460936
66003509
171556302
324715247
98943372
328081433
125508218
155029964
54038759
160778005
334674294
54617986
267493176
246549675
34303827
223921783
19625681
279246496
116746431
245961574
282476240
40049675
84707501
300438392
187327259
94559776
206883810
241088983
193024327
227788172
156449042
74494128
32797601
59602763
147398833
330713527
166763894
314889263
321960923
112884445
185742700
26993493
317506130
110268460
330022632
217243007
55427632
70154945
82421929
280226527
297139704
142303920
97682165
329216203
227655500
45035195
255107973
24534653
58222199
82979934
176600697
324629754
18732023
60932090
189949681
38705199
323999246
61884191
39383795
58347086
245192911
280563645
52266804
79176274
289462647
263829224
305324651
106164043
42625566
27588118
63023105
46740509
98706010
98681482
68844714
158049089
302336118
98944110
276195425
42760323
219295457
313687675
290827129
324584692
216523218
14977119
115038179
17339723
71098893
25889759
197261856
161098298
60347293
269498059
51745875
283305754
62627367
302853464
324508336
155652130
45914754
24609230
108435593
323903958
323996493
234535359
323523294
323366057
307615873
210155332
243459260
210943912
110741758
43900641
198173353
95692599
84205713
79619633
321026039
259707896
83497724
72195919
158152966
14677172
76842522
139561365
56718223
320299065
184433146
56864872
319846192
168841243
145071300
69387314
319108559
58129942
179637129
296344133
64036019
319038591
264192956
66681094
221891870
318767382
318698907
15788669
175789394
192707278
270448281
17034667
129387403
110724407
125398514
318080686
316224988
285361543
318055971
225132838
289684916
317894742
140448491
128283772
288997800
66722411
317571257
285448254
107384346
143231615
129672860
124181960
64286408
259254801
53768718
158557892
175606294
282357376
23246778
309660502
313300761
86536349
110570165
88581778
83378098
315436846
39128668
34186584
66480919
315240627
97073355
220886114
168505660
75598077
39108795
125321136
314723473
314559640
113740101
168387566
48661626
313568230
105681113
313631191
114506269
185429293
27255633
313481120
156766256
180001502
58363016
312472843
245196169
50042370
17027645
154736830
206845359
62546732
150264426
46809396
309268919
271016975
53132929
183490333
311799760
195528884
232373081
103295767
94913149
136040425
53440446
54951387
83688288
310462956
76554302
310020005
82672428
77623471
41185222
291257584
78087829
309399264
266235698
62555572
253305477
68390229
247008998
118524858
113689720
302221468
61683116
294742343
140183591
30748764
308588504
129141423
47425333
224209345
40375922
42113733
17669991
308011107
297418589
268842916
112033691
305992003
307621995
177206721
307039315
307543563
252361689
306557608
35875682
247979747
110172774
66415935
64864860
296554019
305906266
266309782
84148969
294575145
70430791
54306465
94063576
305107014
146605863
105113441
178949025
207188352
119193309
90855184
295677047
303985715
41878303
58278811
101879724
16299496
73714182
200648537
193791317
285367231
197063561
195795389
107486760
114485358
280273819
171764919
280627980
301696557
47479633
60732568
74273512
299318516
227097183
51615912
301204672
297759324
301132126
56561666
294724277
246444006
280643087
154984666
290939368
268492191
50809922
298708132
280352104
257124666
91319002
297711183
271186375
246247924
299306287
299146373
244331239
202170687
275252414
89833633
276082814
297800494
296979855
43013110
235546597
297978616
297816897
77218610
179247786
37650526
165815807
294074897
285360877
201923654
43927030
156844973
76327221
296407964
139810449
283648558
294127210
176932635
16742047
292512135
295793029
112885069
53751979
265201611
41481852
276160120
262196509
123873101
105659647
56008054
155236075
294773567
285876927
289549315
294217955
132994379
68229607
40743383
144278400
121816281
187641836
93488105
58062228
177351609
293245663
45256526
21195288
21629029
53557843
106626848
292566538
292422126
292022613
182086441
291905687
172136130
83688174
56442776
99819328
38367793
291166918
101657320
71810606
214699416
49010225
63296072
48217595
83596798
62396721
188811523
120947001
249904235
234842670
273442920
51879105
259009774
193930605
71135098
162502997
97353316
63343193
221035278
233255759
51729592
56488361
288982142
78758843
288761907
284755803
76165905
70763841
42119226
37698710
63716020
255726742
287250156
288444507
143215090
60721153
286863750
227352602
259067360
71421261
59215127
182476827
108851908
280255077
287456665
257779739
178425913
58950199
71124205
50109708
263798925
43349619
67060554
70564554
65530395
82961345
225846135
286294118
35351518
170117689
80657107
56181343
31130188
41271616
54086977
84948711
274224846
159324871
284927185
46296353
64224358
74905812
155761133
22327205
284612704
133960890
57183265
52515622
81404096
36205592
32702001
83069514
105676246
42525386
165571967
184450509
70036172
188083580
278696708
108383946
283601639
201427479
27389850
177315786
26408500
109906819
50715251
45681214
248017049
37027595
122412972
14628760
282343318
57421588
282296999
30675058
221091311
37912648
280651036
51260319
282081031
127465224
280436912
48775917
281730918
40345491
139756974
281094856
265236537
251748726
90872464
40106372
146219163
63269784
32743264
27905422
266056633
280784250
69082406
280757503
17904350
190451760
263760189
278779426
279877244
126317174
119774928
83837443
58994843
90781602
220553376
280617531
67589341
225405185
233534559
24040048
280601769
179585570
123351156
255067918
40871571
90074629
67437859
51323724
26862306
280490485
48175666
70233136
82783650
245766432
93995682
220341802
160376848
67903887
77110973
44417584
137206739
213668159
280265974
133400174
35031506
261993085
122242719
118517148
71051632
98032953
36572242
147023415
178141146
59176822
43734728
59921189
80421260
248855732
70405085
272672764
55762089
183201606
76497068
81156524
266949760
65833826
58923018
36706319
162189400
91185961
189708658
25683908
247517915
34501642
80463268
126380493
62190589
44266176
45899033
179931613
279596310
77902652
226637850
83209494
25074435
275153348
227494259
274757975
155718803
60604007
278805820
168528046
12214092
279279063
53223269
77782606
202333874
101766888
28229781
278355001
273426154
76544062
234220089
278150157
42921940
52235293
178460456
79318321
272694073
278024995
245245759
277845839
277609635
213700355
165548475
277520819
255299631
250343860
260024281
62503940
276785967
68703756
168850980
203122763
272938595
38763594
43113985
190894071
187643376
99949981
203604207
276175280
257559369
272552578
73708817
164439721
94673495
178352698
70418624
11211942
275756401
275743963
37780155
74842290
180402673
30730888
76653432
228745685
64286060
119526099
65513314
55990725
26222791
167622908
48480307
69274510
50159954
224213666
167281911
155284263
76941179
267231105
252114914
61004267
76248929
47257993
223672931
231114290
54630834
222427859
75401807
274021759
79360699
66861325
191264749
251358590
204869842
55715686
270055917
243428361
54893724
30890519
56279914
272677651
273408513
121876637
251391407
160421384
157783055
93885882
95285733
273009447
272984003
143625947
32878787
40787166
272146437
63608158
100376993
63982090
59145273
198051397
217780257
241736888
272271654
199411323
170181523
272146723
184947343
41260168
272033095
253862696
38095185
231238131
271721029
55457065
172520895
114764610
271441561
241079771
128668568
32620799
216872059
99402337
203553018
116599025
269159638
52883494
270660668
270638485
168884278
270597926
51242392
270487952
267397000
72444229
162787421
86719262
98960047
75948978
188579279
266095566
94990584
269935020
61833153
61111531
26529187
41400871
260312913
27687432
261984924
235788587
133329613
181314905
104681171
51241289
160547692
60289479
268752737
129363657
91424970
41241542
17838927
66713115
222634297
239934951
191144875
268331685
200164413
92352872
39098539
226385147
257790959
79308897
46417508
86212920
51535032
267858699
150476302
256093688
157475648
55405036
63552581
38055433
164403952
267692392
207598322
267531235
33570793
236444229
245894416
267271013
267491437
65210901
43693571
194636491
267368798
35574238
171274378
92404126
251869633
65405446
171980121
266996595
184625190
242582943
113750615
172546049
67896857
94590009
40684943
60701644
189601709
253386563
59637579
39406016
58104980
61909772
266250598
52418106
141803947
242120696
66501640
75914053
77603735
130005557
175741638
73786637
51815249
19510800
75920523
192234190
262408602
151264647
146187487
115997772
264920026
105933897
61663221
90304603
51897473
44956023
187699119
254203263
78469852
107855622
62559576
109938745
170536937
259039422
51891959
256744914
263964557
92503961
139160651
100284553
73671744
245547661
263783379
197242052
263761600
195329781
99508089
75943257
47462493
197215682
54007567
137572593
64473565
146549381
62509102
62142538
61960637
262432835
261343653
210643480
262804573
61346639
123679878
57116714
94220403
68522317
46719083
32183605
58014914
224296588
30021894
182139176
171653881
124781938
60118525
185607881
107845016
76031830
59154566
63224867
260942715
62931252
37994756
58846465
260775550
118937458
260723418
143183923
174512031
146108232
39180607
232200525
41336708
94306716
171259844
207711711
47954027
106532070
31302661
233322991
100100738
242376844
37708886
56474883
100058516
64891957
248355706
260123407
53075685
40092740
260103756
15072273
259571564
55916929
39499058
73508974
60209199
110858189
51300608
126177851
64864726
52290330
168967590
115442236
35406904
260016033
92118339
146114216
34415959
119913858
169713092
158535135
54636805
57007099
55547444
172907999
21985049
49732911
84822406
257687949
60962397
163564492
152646960
121793373
130670026
14345701
50535327
55479115
42966224
43692572
140088327
63101968
48888621
35819474
92137892
40587035
250199710
256802312
53846790
104981323
58565485
236324504
78620417
34109547
154678705
105796299
82119434
39363280
150090432
45450882
59606545
67449585
30345913
201806261
173955176
104059399
77885675
246481163
152024296
259879634
165453289
222425813
200176432
33976412
90408176
55368493
243820620
185439282
68815371
46003478
163908030
215035995
74583114
70278178
39666779
50637873
95809014
257410445
258895152
52783810
252374906
254601734
61556581
258955550
193105242
173511953
86318117
74335069
110010805
252875601
178945146
57997324
256652617
55933607
32233888
210665609
142438385
44410281
59391299
258484327
67897430
103256470
179204484
76427403
66233556
48912648
133099789
64308224
44669634
32383766
169602479
257602484
220536973
257226620
29076135
81739147
136697441
51756770
155264229
240222545
44190897
256618750
143957078
133993596
256653188
86339728
216013901
67212815
256326533
141027235
62704979
94611279
198919961
141371470
142056536
45701723
69965488
57343424
103383589
91683098
255705240
77566575
237043733
36398302
29788489
195332215
98888019
40290551
54958865
51860147
255841840
253682797
53129012
255751745
234601785
50757046
234399440
255689569
198695690
255537343
59516875
93473425
27573976
97290512
47598528
57769180
37352152
255278345
255291528
172497092
193936067
133099355
63186148
74510372
25853791
37805349
75367240
49038636
255084396
57470985
253784887
79548878
198495693
254813603
52256630
76366880
143074414
254689379
111750770
72432898
58787097
94904091
64903593
43728622
166792845
46756858
78699586
152785169
76838937
198830596
254107189
88511035
73527559
90685542
250131887
98385960
33564500
67355366
47071111
253737112
130748448
192646107
253280765
253782165
165465743
68569434
58613982
41695883
100900199
241351456
19165503
59154272
54252328
61644409
132920408
48787146
195136423
79200931
199297290
53149559
55817463
253552675
55081459
250736224
58345838
26860376
99780362
253306034
49762641
194759155
136874343
231669338
252848270
101745624
60379128
59370024
30113658
27865340
241395480
222968313
196292834
56597128
151155432
108789410
218574328
26137738
54210519
95426498
46784186
65487265
217882623
149202124
250910000
100217939
240024870
65468963
106513236
90766822
251893193
43966482
41225435
85687531
57043411
192373354
69988002
59965533
225090365
251790086
190420120
251368114
63347774
17737542
138256503
68487205
225022635
136194850
67476403
52263565
236655687
201863730
19837071
38043031
250682646
66399517
30125147
161698874
70170514
58920303
81650757
68523625
172147350
126777785
155202682
30355986
178507857
66461951
116189772
120765832
235550793
82491839
35259049
222455163
40913541
35899784
69993021
228920783
81636341
78730549
250320878
56293589
90004276
58789900
63533471
159469145
199739270
86780532
70812806
248607903
19743020
105541907
41289504
55467497
65391400
249865845
209269361
17884416
31607754
249132848
97103135
81345895
33749513
152433373
84894243
53681044
37156060
249668358
242879249
198703446
40477400
162474383
48199514
244997070
49189854
126377770
109734471
179237959
75564937
80916963
78753136
133936711
55548401
131060551
128338509
85433928
71129246
52077127
245907667
60438781
207692383
34481381
162822165
39265643
37822890
97335432
225191216
143636063
61629727
66001755
68744703
55916820
197985354
237572219
43225561
38104422
220149418
55261081
168316340
248162132
49980002
58053896
14940031
214279573
37338108
27139286
52060301
35112976
71878528
162416825
247968208
247784373
36155537
26253584
39622878
15626600
15024487
42058222
232619687
56439833
49957339
16242431
222524013
56534750
169267950
57522204
56515878
38856055
40106574
247480126
86207596
247355915
247339640
136737684
177417993
60050290
21960878
32194938
55114336
65194980
223014062
58061764
57457213
246601158
51749833
245756326
43742870
54389700
229121390
111052956
196797635
132964791
29873455
17964321
217398954
246574830
93728482
18890026
34085904
69690691
53516085
225584985
60217115
97797903
20804030
88298956
19163163
65771837
43787490
52558216
15585813
197973496
42035616
138556057
188087771
24835513
80059014
93738311
26339677
205446155
69984591
31254222
145463292
231097746
72348820
57512382
88413099
167549389
96892007
245458496
178928367
16692447
142888610
128066547
85453751
56276935
127912262
42665950
184161899
69759623
201992496
245626721
222654065
60478256
195096920
94158415
36232305
55087256
43761863
111306092
60892101
151260597
185859632
50023135
49013345
64240967
170487958
237982680
70046743
65275656
162870814
55907667
190508162
38023979
24599225
217118022
10306092
37116623
73926633
162904321
179551686
45420937
191523020
68730412
68206391
245216384
56594801
57233477
158555667
198557248
85169656
71380833
48128173
72654917
72210466
105860540
29697835
41096315
70427870
81889320
160169965
131165329
55028263
69376550
48215186
171679054
89800033
56378232
245027602
188451022
230203623
66794017
220195383
201138417
54295430
54458143
51573220
49749590
53223406
96047624
68078836
52470928
151263994
212937292
37770002
63293951
40117234
62955374
200737943
188924276
241758805
81253505
26997693
77579748
61617381
104882532
102226950
225835770
175560465
244295827
111135437
57748388
190842360
126488334
31583934
92640712
48132401
22419852
239567440
56888106
85577692
183817147
33514791
67943913
41221297
39482042
103558812
35325823
106489457
145312824
71912222
72913958
47142679
115643939
190643220
15411839
76860579
29908829
34896633
86137907
76841919
57992964
176073855
228518505
221233434
80125853
53555799
38943591
223339986
104835155
68055522
128037066
120869146
94225617
20316440
155088541
46235394
61794017
98185781
34758745
128012440
232373094
37804135
142355241
14985664
22679771
225175967
202444548
30914848
39178382
40717344
17519517
46678465
66571609
222275608
70496677
39558940
57495683
61531542
163255337
43462940
65351999
133963978
70585559
58595980
157354328
50674253
216085779
155676367
68174427
181745691
69645901
130577960
55587296
62094123
55677975
99589162
27031422
199471332
60090699
135187437
39085866
72636243
56909958
36119529
216409839
203290690
211840917
40994666
87337796
112192549
34631163
26136926
50168417
241700139
35670285
53047040
86591138
21822738
71814293
186648988
66025764
207247496
70512521
40108859
76439822
65757382
54660383
70826682
137489134
133578594
45997057
98262497
46738393
38338783
55129391
90760895
9841232
18056638
62949776
96636506
39108303
132964376
75057143
240053642
27318575
209258795
48544636
80687723
52570939
74559222
135306630
242465200
73218527
229528800
62351384
124334059
131228526
169961334
43161748
45216793
12118322
54760506
209149731
62206891
57712761
77577428
22461104
209816634
207843522
193956233
230316391
53056563
36178160
61935487
185237893
230355114
240054815
52876587
64752112
162847015
169134088
99009853
70684033
30740208
136470348
88496867
59144923
132037567
84363890
61588593
129960789
61254541
78735143
69590835
63007389
123801584
100378298
177367132
15617758
139936890
59007745
191289262
239956742
104708353
60711186
83877098
69120230
55034163
11476072
41971400
73903223
52953391
223308599
53704943
161300063
59336264
119360860
167440198
32507216
234039922
47359497
158012642
44778427
116019135
9235382
98277517
91645437
54403620
221838937
56728491
183773694
176864796
187009229
51150507
130708716
215690620
116311678
96424100
214504348
205426129
190305397
71834395
71000980
81943863
53400039
56412962
194327259
221998584
162723264
48065316
152522544
15853499
228474620
80144102
64498095
52618382
148542417
75901004
38171956
100653586
67778445
32568761
191041637
60713270
204149485
150535586
81439859
56608789
19469931
176500096
194851690
160990844
168831970
152055699
52488112
205217025
15352186
63321210
54641240
45271950
61310250
238817015
95737813
78129361
234162160
219385326
151578208
190490345
57754470
92976191
42624542
79731212
192227369
242052259
231799723
55712703
102514385
18233027
116831756
39541091
71100370
53049190
43188353
241978951
39684065
45173441
171666357
183503159
136330508
37778425
50778668
59675578
60217097
68841411
125405562
60977200
125756981
169716092
97072875
186260502
43229195
69904887
109659807
214905921
82903904
119399907
99197933
97555880
157837151
23794667
78154806
114321848
81471419
233539105
72626993
165445256
39660051
116055461
94881157
111105193
44018907
73523145
75615623
29989463
51506359
241922708
74285606
33499952
37746118
27569869
46100120
200712494
89984786
62645249
41214291
210489140
100803845
29578643
52833064
44190812
80452931
42099396
62083114
75405650
81184461
48421313
69318331
178756434
46739390
211674252
62068003
25682614
103328238
194134437
240447859
119437645
60415023
56477174
96871162
121317954
76331654
40258962
54074982
241339486
217462533
12838752
142305891
86113103
133765381
68214112
108413181
48839226
51841383
136832821
98937198
137796766
241279978
45658056
117558961
175594879
60199913
63798076
65659571
35064734
83854056
27426943
126147580
79164606
61370753
54711085
106142101
158989515
225185800
232055332
72311418
158066330
174906373
196393719
67355934
121140979
18189743
140846916
91372102
54443580
240384066
134675747
162562178
91440688
229226811
110719846
59453103
71887854
62641648
198365455
228877020
40967540
135584752
48890297
141291362
117904380
240866394
41157131
55226675
62901108
72237096
202850831
127509176
217488292
99108938
16146443
157809621
41940717
43775470
68801852
84165473
57505275
64631108
45994842
220776911
240130876
145453495
105233200
30738675
18790851
88776495
55819927
207590002
22784865
179368629
106292108
205723389
55168853
21420144
87210424
95329735
165194760
154982576
21319563
62406143
94538417
20963699
123602436
138249864
209660781
62078471
69729760
15874612
170470247
64620764
121904890
48514068
28236418
46989889
35881669
37299391
79878154
48858810
46456134
65836202
231845956
89853224
112873455
55091028
183902002
66168743
74511585
44528400
77869500
78335545
51758504
51762705
27228883
33381694
86397764
52252809
193016862
40359756
93739147
38961437
129174118
20962682
34384206
27442177
46957174
15514035
185246456
106704669
49154513
65195971
75353921
74489676
66218007
237362024
18947939
66396250
60153161
111451167
64841610
56830760
190106653
137561408
225121565
100099246
75150380
128462061
63316631
82176854
46391097
205029271
51321483
29463137
42807226
57168385
212740462
32642319
197656475
43408451
133056732
58824962
30464621
58937281
29887102
239913004
231160682
105270932
142344980
233607736
18319765
44666105
201133745
126810699
240287500
205969589
70050127
88833664
176560561
64940693
127705055
45690154
146851039
43155133
121558745
238748403
237021508
40510464
70680370
50051014
97563092
59566399
101614565
175398369
55137845
163904912
51863325
21492147
170344623
102499181
158386061
159559346
53825472
125522608
41350417
157797301
156504505
92107984
147360794
68830867
171519543
22934607
80954447
37232221
77546094
51365399
83248370
49098373
223434080
59201491
139592482
190348955
155993668
203739644
51531972
48096011
89799347
81197716
159910751
235990943
54065932
222629330
43001917
103163786
172330624
30092672
36053737
183051902
34508447
32515647
144156941
162419607
62356974
218518535
15634666
170134699
88826517
210517636
35826268
120494334
39531084
67174981
52492379
59339206
148179982
36103327
35098963
19536947
17234169
197241177
49619929
48174343
37803877
60639455
171278995
52875069
47344102
131350969
41415768
91027680
101337124
199932905
174093582
38565697
82677597
31291368
14065204
115738630
52163828
115405639
53702629
161503294
57105385
72706995
130266275
56379011
72432888
37428653
37932983
52441811
61934403
33210991
41252164
90997917
44256731
81997766
52033119
36558871
20719838
48413061
118478824
71965770
60215691
206409701
193152686
79575275
113902705
89357491
97480599
137858130
35510171
51125286
190081550
17780114
42653406
65107064
29093495
59541894
27460744
39896734
94189477
59675401
58360334
180603645
46709348
147266535
52232610
140663919
158905956
102111056
54397196
58031157
194759967
99753686
58628701
15009842
37298777
108490798
110754217
227486973
106760169
142914886
140492548
45700549
145438452
112566543
88066219
94355023
155350538
40700421
40797219
164743152
84439552
34399865
30156189
59951695
42231718
105660422
154357533
60195996
143301294
54639488
83631318
98530745
66175754
69002143
23006123
51497312
128253267
194721142
42477044
125709865
178393955
93978994
28389667
37496754
30485535
213370605
23661728
72353990
67776659
108428152
40498548
108427304
78119389
86434824
46814309
63859456
53722850
16151642
53948307
42667761
34024897
15961259
183265408
123014192
62198528
46555753
54898698
60229320
157492583
51593773
118950440
40290988
56414199
114055565
35067540
48135930
210672409
60724150
195449942
65800594
33915380
18420665
15938683
70249372
104509448
177759738
47766090
158058429
15484990
54284072
238716395
131879713
190851117
37345473
113937008
77557737
170136240
120627951
216141784
46289883
42110328
68009260
